  6 28 28 37.47 41.08 40.97 25416 0.00 0.00 0.00     0 37.20 41.26 41.03  4981   166 2.090
150 28 28 37.47 41.08 40.97 25424 0.00 0.00 0.00     0 37.25 41.43 41.27  4742   235 2.982
 60 28 28 37.47 41.08 40.97 25416 0.00 0.00 0.00     0 37.28 41.39 41.02  4742   193 2.826
 60 28 28 37.82 40.16 40.82 27856 0.00 0.00 0.00     0 37.69 40.42 41.08  5961   659 2.678
 60 28 28 35.65 44.50 45.93 28368 0.00 0.00 0.00     0 34.50 43.38 44.65  9703  1086 2.874
 60 28 28 35.22 36.69 36.41 67400 0.00 0.00 0.00     0 33.47 36.14 35.56 17383  1763 2.914
 60 28 28 35.22 36.69 36.41 67400 0.00 0.00 0.00     0 33.47 36.14 35.56 17383  1763 2.920
 60 28 28 35.22 36.69 36.41 67400 0.00 0.00 0.00     0 33.06 35.48 34.95 11064  2082 3.270
 60 28 28 35.22 36.69 36.41 67400 0.00 0.00 0.00     0 33.47 36.14 35.56 17383  1763 2.939
150 28 28 35.22 36.69 36.41 67400 0.00 0.00 0.00     0 33.59 35.73 35.36 17423  2064 3.087
 60 28 28 35.22 36.69 36.41 67400 0.00 0.00 0.00     0 33.47 36.14 35.56 17383  1763 3.041
 60 28 28 46.34 47.37 48.48 25152 0.00 0.00 0.00     0 46.29 48.73 49.44  4530   178 2.591
 60 28 28 45.99 47.37 48.48 25088 0.00 0.00 0.00     0 46.24 48.73 49.44  4529   178 2.570
 60 28 28 45.87 47.37 48.48 25000 0.00 0.00 0.00     0 46.24 48.73 49.44  4529   178 2.776
 60 28 28 37.47 41.08 40.97 25416 0.00 0.00 0.00     0 37.28 41.39 41.02  4742   193 2.747
 60 28 28 45.87 47.37 48.48 25000 0.00 0.00 0.00     0 46.24 48.73 49.44  4529   178 2.592
 60 28 28 46.07 47.37 48.48 24760 0.00 0.00 0.00     0 46.28 48.73 49.44  4527   179 3.478
 60 28 28 45.98 47.37 48.48 27152 0.00 0.00 0.00     0 46.36 48.76 49.48  5030   183 2.539
 60 28 28 45.98 47.37 48.48 27152 0.00 0.00 0.00     0 46.35 48.76 49.49  4962   183 2.488
 60 28 28 46.24 47.37 48.48 25592 0.00 0.00 0.00     0 46.29 48.73 49.44  4534   178 2.657
 60 28 28 45.43 47.37 48.48 24736 0.00 0.00 0.00     0 46.23 48.73 49.44  4527   178 2.593
 60 30 28 38.31 44.55 45.00 22056 0.00 0.00 0.00     0 38.90 45.08 45.71  3956   186 2.638
 60 28 28 46.02 47.37 48.48 26392 0.00 0.00 0.00     0 46.19 48.74 49.44  4562   179 2.519
 60 28 28 46.56 47.37 48.48 24920 0.00 0.00 0.00     0 46.31 48.73 49.44  4529   179 2.648
 60 28 28 46.56 47.37 48.48 24920 0.00 0.00 0.00     0 46.31 48.73 49.44  4529   179 2.672
 60  0  0 74.32 68.44 68.59 122152 0.00 0.00 0.00     0 67.27 65.04 65.38 26331  5126 3.006
  9 28 28 46.20 47.67 48.75 25272 0.00 0.00 0.00     0 45.39 48.18 49.43  5847   164 6.042
  9 28 28 46.01 47.67 48.75 25328 0.00 0.00 0.00     0 45.31 48.18 49.44  5850   163 5.995
  9 28 28 46.10 47.67 48.75 26224 0.00 0.00 0.00     0 45.65 48.16 49.40  6270   180 6.110
  9 28 28 46.10 47.67 48.75 26224 0.00 0.00 0.00     0 45.67 48.16 49.40  6260   180 6.438
  9 28 28 46.07 47.67 48.75 26248 0.00 0.00 0.00     0 45.47 48.16 49.39  6022   173 6.797
  9 28 28 46.28 47.67 48.75 24544 0.00 0.00 0.00     0 45.40 48.18 49.38  5830   163 5.648
  9 28 28 46.28 47.67 48.75 24544 0.00 0.00 0.00     0 45.39 48.18 49.38  5849   163 5.693
  9 28 28 46.28 47.67 48.75 24544 0.00 0.00 0.00     0 45.41 48.16 49.38  5850   169 5.496
  9 14 14 50.78 52.17 51.85 51944 0.00 0.00 0.00     0 49.73 52.04 51.93 12348   171 5.524
  9 28 28 46.28 47.67 48.75 24544 0.00 0.00 0.00     0 45.39 48.18 49.38  5849   163 5.650
  9 28 28 46.22 47.67 48.75 24552 0.00 0.00 0.00     0 45.38 48.17 49.41  5806   165 6.081
 10 28 28 37.47 41.08 40.97 25416 0.00 0.00 0.00     0 37.30 41.36 41.05  5701   168 6.618
 10 28 28 46.51 47.37 48.48 24640 0.00 0.00 0.00     0 46.34 48.22 48.84  5460   152 5.767
 10 28 28 46.38 47.37 48.48 24592 0.00 0.00 0.00     0 46.11 48.15 48.80  5520   151 5.764
 10 30 30 38.49 44.55 45.00 21064 0.00 0.00 0.00     0 38.80 44.83 45.72  4677   153 5.694
 10 27 27 42.84 48.24 47.84 25024 0.00 0.00 0.00     0 43.11 47.98 48.26  5560   152 5.406
 10 28 28 46.15 47.37 48.48 24520 0.00 0.00 0.00     0 46.18 48.21 48.84  5452   154 5.496
 10 28 28 46.20 47.37 48.48 24768 0.00 0.00 0.00     0 46.19 48.21 48.84  5464   151 5.388
 10 28 28 46.15 47.37 48.48 24456 0.00 0.00 0.00     0 46.13 48.20 48.86  5448   151 5.390
 10  0  0 74.11 68.44 68.59 120840 0.00 0.00 0.00     0 69.09 65.69 66.21 29851  4393 5.742
 10 28 28 45.61 47.37 48.48 24560 0.00 0.00 0.00     0 45.99 48.19 48.86  5457   152 5.596
 10 28 28 45.59 47.37 48.48 24624 0.00 0.00 0.00     0 45.99 48.19 48.86  5460   152 5.831
 10 28 28 45.95 47.37 48.48 25464 0.00 0.00 0.00     0 46.08 48.21 48.86  5502   151 5.412
 10 28 28 45.88 47.37 48.48 26360 0.00 0.00 0.00     0 46.00 48.22 48.84  5562   150 5.724
 10 28 28 45.88 47.37 48.48 26360 0.00 0.00 0.00     0 45.99 48.21 48.84  5617   149 5.533
 10 28 28 46.60 47.37 48.48 24344 0.00 0.00 0.00     0 46.35 48.22 48.84  5444   154 5.471
 10 28 28 45.88 47.37 48.48 26360 0.00 0.00 0.00     0 45.99 48.21 48.84  5617   149 5.556
 10 28 28 46.08 47.37 48.48 26192 0.00 0.00 0.00     0 46.12 48.22 48.84  5543   151 5.410
 10 28 28 45.95 47.37 48.48 25464 0.00 0.00 0.00     0 46.08 48.21 48.86  5502   151 6.502
 10 28 28 45.79 47.37 48.48 26320 0.00 0.00 0.00     0 46.05 48.21 48.84  5582   151 5.923
 10 28 28 45.79 47.37 48.48 26320 0.00 0.00 0.00     0 46.05 48.21 48.84  5591   151 5.479
 10 28 28 45.79 47.37 48.48 26320 0.00 0.00 0.00     0 46.07 48.21 48.84  5620   151 6.143
 10 28 28 45.79 47.37 48.48 26320 0.00 0.00 0.00     0 46.07 48.21 48.84  5620   151 5.341
 10 28 28 37.47 41.08 40.97 25416 0.00 0.00 0.00     0 37.30 41.36 41.05  5701   168 5.587
 10 28 28 37.47 41.08 40.97 25416 0.00 0.00 0.00     0 37.30 41.36 41.05  5701   168 6.456
 10 28 28 45.79 47.37 48.48 26320 0.00 0.00 0.00     0 46.07 48.21 48.84  5620   151 5.402
 10 28 28 45.79 47.37 48.48 26320 0.00 0.00 0.00     0 46.07 48.21 48.84  5651   151 5.647
 10 28 28 45.79 47.37 48.48 26320 0.00 0.00 0.00     0 46.04 48.22 48.84  5578   152 6.689
 10 28 28 37.47 41.08 40.97 25416 0.00 0.00 0.00     0 37.30 41.36 41.05  5701   168 6.491
 10 28 28 45.93 47.37 48.48 26432 0.00 0.00 0.00     0 46.14 48.21 48.85  5630   158 5.630
 10 28 28 46.53 47.37 48.48 26328 0.00 0.00 0.00     0 46.22 48.14 48.81  5712   152 5.918
 10 28 28 46.53 47.37 48.48 26328 0.00 0.00 0.00     0 46.23 48.14 48.81  5704   152 5.733
 60 28 28 37.47 41.08 40.97 25416 0.00 0.00 0.00     0 37.28 41.39 41.02  4742   193 6.999
 60 28 28 46.55 47.37 48.48 26696 0.00 0.00 0.00     0 46.31 48.74 49.48  4859   181 6.776
 60 28 28 37.47 41.08 40.97 25416 0.00 0.00 0.00     0 37.28 41.39 41.02  4742   193 7.408
 60 28 28 46.55 47.37 48.48 26696 0.00 0.00 0.00     0 46.31 48.74 49.48  4859   181 6.724
 60 28 28 46.34 47.37 48.48 25256 0.00 0.00 0.00     0 46.20 48.73 49.46  4692   181 6.919
 60 28 28 46.21 47.37 48.48 24600 0.00 0.00 0.00     0 46.16 48.70 49.44  4566   179 6.513
 60 28 28 46.21 47.37 48.48 24600 0.00 0.00 0.00     0 46.16 48.70 49.44  4566   179 6.681
 60 28 28 46.06 47.37 48.48 24584 0.00 0.00 0.00     0 45.91 48.74 49.45  4581   182 6.894
 60 28 28 45.91 47.37 48.48 24416 0.00 0.00 0.00     0 46.15 48.73 49.45  4546   179 7.301
 60 28 28 37.47 41.08 40.97 25416 0.00 0.00 0.00     0 37.28 41.39 41.02  4742   193 7.976
 60 28 28 46.12 47.37 48.48 24680 0.00 0.00 0.00     0 46.15 48.73 49.45  4592   178 6.748
 60 28 28 46.34 47.37 48.48 25256 0.00 0.00 0.00     0 46.23 48.73 49.44  4607   178 6.787
 60 28 28 46.29 47.37 48.48 24496 0.00 0.00 0.00     0 46.16 48.73 49.44  4554   181 6.631
 60 28 28 45.80 47.37 48.48 24496 0.00 0.00 0.00     0 46.14 48.72 49.44  4555   180 6.498
 60 28 28 37.47 41.08 40.97 25416 0.00 0.00 0.00     0 37.28 41.39 41.02  4742   193 6.756
 60 28 28 45.80 47.37 48.48 24496 0.00 0.00 0.00     0 46.14 48.72 49.44  4555   180 6.481
 60 28 28 46.04 47.37 48.48 24568 0.00 0.00 0.00     0 46.18 48.72 49.45  4576   180 6.500
 60 28 28 45.81 47.37 48.48 24552 0.00 0.00 0.00     0 46.20 48.73 49.44  4574   180 6.478
 20 28 28 37.39 40.98 40.92 25144 0.00 0.00 0.00     0 37.29 41.23 41.00 25179     0 0.461
 20 28 28 37.39 40.98 40.92 25144 0.00 0.00 0.00     0 37.31 41.22 41.01 25154     0 0.460
 20 28 28 37.39 40.98 40.92 25144 0.00 0.00 0.00     0 37.31 41.22 41.01 25154     0 0.459
 20 28 28 46.24 47.43 48.46 24344 0.00 0.00 0.00     0 45.58 48.00 49.10 24426     0 0.450
 20 28 28 46.29 47.43 48.46 24336 0.00 0.00 0.00     0 45.67 48.00 49.10 24416     0 0.449
 20 28 28 45.94 47.43 48.46 24080 0.00 0.00 0.00     0 45.54 48.00 49.09 24184     0 0.451
 20 28 28 45.69 47.43 48.46 24264 0.00 0.00 0.00     0 45.71 48.00 49.10 24379     0 0.451
 20 28 28 46.11 47.43 48.46 24344 0.00 0.00 0.00     0 45.55 48.01 49.14 24504     0 0.452
 20 28 28 46.01 47.43 48.46 24408 0.00 0.00 0.00     0 45.54 48.00 49.09 24480     0 0.475
 20 28 28 46.16 47.43 48.46 24648 0.00 0.00 0.00     0 45.69 48.01 49.09 24688     0 0.539
 20 28 28 46.24 47.43 48.46 24504 0.00 0.00 0.00     0 45.62 48.00 49.10 24641     0 0.524
 20 28 28 46.34 47.43 48.46 24984 0.00 0.00 0.00     0 45.63 48.00 49.09 24913     0 0.512
 20 28 28 45.89 47.43 48.46 24760 0.00 0.00 0.00     0 45.61 48.01 49.09 24843     0 0.473
 20 23 23 44.26 48.09 48.48 31680 0.00 0.00 0.00     0 44.20 47.75 48.06 31632     0 0.511
 20 26 26 42.36 47.46 47.83 26360 0.00 0.00 0.00     0 42.35 47.18 47.56 26348     0 0.478
 20 24 24 43.06 47.64 47.61 29544 0.00 0.00 0.00     0 42.96 47.42 47.58 29478     0 0.486
 20 22 22 47.03 48.97 49.45 33456 0.00 0.00 0.00     0 47.06 48.82 49.47 33463     0 0.500
 20 22 22 47.03 48.97 49.45 33456 0.00 0.00 0.00     0 47.06 48.82 49.47 33463     0 0.502
 60 28 28 37.47 41.08 40.97 25416 0.00 0.00 0.00     0 37.28 41.39 41.02  4742   193 7.114
 60 22 22 47.28 49.08 49.46 33704 0.00 0.00 0.00     0 47.17 49.11 49.81  6203   180 6.774
 20 28 28 37.39 40.98 40.92 25144 0.00 0.00 0.00     0 37.31 41.22 41.01 25154     0 0.492
 20 30 30 38.26 44.23 45.18 21304 0.00 0.00 0.00     0 38.14 44.41 45.27 21370     0 0.436
 20 32 32 34.98 41.28 41.65 16168 0.00 0.00 0.00     0 34.99 41.31 41.49 16087     0 0.409
 20 34 34 33.60 39.80 39.67 13392 0.00 0.00 0.00     0 33.59 39.68 39.66 13289     0 0.390
 20 22 22 47.03 48.97 49.45 33456 0.00 0.00 0.00     0 47.06 48.82 49.47 33463     0 0.491
 20 25 25 42.75 47.75 47.51 28208 0.00 0.00 0.00     0 42.73 47.35 47.39 28140     0 0.473
 20 27 27 42.87 48.29 48.26 25312 0.00 0.00 0.00     0 42.83 47.64 48.35 25357     0 0.582
 20 23 23 44.26 48.09 48.48 31680 0.00 0.00 0.00     0 44.20 47.75 48.06 31632     0 0.510
 20 21 21 46.04 49.18 49.24 34968 0.00 0.00 0.00     0 46.01 49.28 49.74 34945     0 0.507
 20 29 29 40.12 44.39 44.94 23032 0.00 0.00 0.00     0 40.07 44.44 45.42 23074     0 0.462
 20 31 31 37.05 43.03 42.33 19560 0.00 0.00 0.00     0 36.96 42.80 42.73 19519     0 0.462
 20 33 33 34.40 39.89 39.74 14552 0.00 0.00 0.00     0 34.31 39.75 39.68 14300     0 0.409
 20 20 20 46.32 49.37 49.95 36840 0.00 0.00 0.00     0 46.20 49.56 49.78 36783     0 0.509
 20 28 28 46.07 47.43 48.46 24840 0.00 0.00 0.00     0 45.63 48.00 49.09 24840     0 0.461
 20 28 28 46.39 47.43 48.46 24664 0.00 0.00 0.00     0 45.66 48.00 49.09 24650     0 0.463
 20 28 28 46.19 47.43 48.46 24416 0.00 0.00 0.00     0 45.51 48.01 49.09 24484     0 0.479
 20 34 34 33.60 39.80 39.67 13440 0.00 0.00 0.00     0 33.60 39.68 39.66 13286     0 0.396
 20 33 33 34.42 39.89 39.74 14640 0.00 0.00 0.00     0 34.33 39.76 39.67 14323     0 0.411
 20 32 32 34.99 41.28 41.65 16304 0.00 0.00 0.00     0 34.99 41.30 41.50 16086     0 0.435
 20 31 31 37.11 43.03 42.33 19888 0.00 0.00 0.00     0 36.98 42.81 42.74 19541     0 0.460
 20 30 30 38.28 44.23 45.18 21408 0.00 0.00 0.00     0 38.14 44.41 45.27 21392     0 0.436
 20 29 29 40.10 44.39 44.94 23040 0.00 0.00 0.00     0 40.10 44.45 45.42 23069     0 0.445
 20 28 28 46.07 47.43 48.46 24840 0.00 0.00 0.00     0 45.63 48.00 49.09 24840     0 0.453
 20 27 27 42.92 48.29 48.26 25408 0.00 0.00 0.00     0 42.83 47.64 48.35 25359     0 0.457
 20 26 26 42.32 47.46 47.83 26528 0.00 0.00 0.00     0 42.36 47.18 47.55 26348     0 0.462
 20 26 26 42.32 47.46 47.83 26528 0.00 0.00 0.00     0 42.36 47.18 47.55 26348     0 0.481
 20 25 25 42.73 47.75 47.51 28296 0.00 0.00 0.00     0 42.73 47.35 47.40 28168     0 0.481
 20 24 24 42.98 47.64 47.61 29720 0.00 0.00 0.00     0 42.95 47.42 47.58 29495     0 0.486
 20 23 23 44.21 48.09 48.48 31752 0.00 0.00 0.00     0 44.21 47.75 48.07 31640     0 0.495
 20 22 22 47.02 48.97 49.45 33696 0.00 0.00 0.00     0 47.07 48.82 49.47 33497     0 0.534
 20 21 21 46.00 49.18 49.24 35120 0.00 0.00 0.00     0 46.00 49.28 49.74 34971     0 0.543
 20 34 34 33.64 39.80 39.67 13400 0.00 0.00 0.00     0 33.59 39.67 39.66 13281     0 0.400
 20 33 33 34.43 39.89 39.74 14544 0.00 0.00 0.00     0 34.29 39.76 39.68 14300     0 0.419
 20 32 32 35.01 41.28 41.65 16112 0.00 0.00 0.00     0 34.99 41.30 41.48 16110     0 0.429
 20 31 31 37.08 43.03 42.33 19568 0.00 0.00 0.00     0 36.96 42.81 42.74 19594     0 0.440
 20 32 32 35.01 41.28 41.65 16112 0.00 0.00 0.00     0 34.99 41.30 41.48 16110     0 0.418
 20 31 31 37.08 43.03 42.33 19568 0.00 0.00 0.00     0 36.96 42.81 42.74 19594     0 0.438
 20 30 30 38.22 44.23 45.18 21288 0.00 0.00 0.00     0 38.13 44.41 45.27 21430     0 0.445
 20 29 29 40.10 44.39 44.94 23032 0.00 0.00 0.00     0 40.06 44.44 45.42 23110     0 0.456
 20 28 28 46.29 47.43 48.46 24832 0.00 0.00 0.00     0 45.59 48.00 49.09 24868     0 0.457
 20 27 27 42.94 48.29 48.26 25392 0.00 0.00 0.00     0 42.82 47.64 48.35 25404     0 0.465
 20 26 26 42.38 47.46 47.83 26424 0.00 0.00 0.00     0 42.35 47.18 47.56 26382     0 0.467
 20 25 25 42.84 47.75 47.51 28272 0.00 0.00 0.00     0 42.75 47.35 47.40 28214     0 0.475
 20 24 24 43.02 47.64 47.61 29688 0.00 0.00 0.00     0 42.94 47.42 47.58 29538     0 0.507
 20 23 23 44.17 48.09 48.48 31616 0.00 0.00 0.00     0 44.20 47.75 48.06 31685     0 0.555
 20 22 22 47.10 48.97 49.45 33544 0.00 0.00 0.00     0 47.07 48.82 49.47 33548     0 0.577
 20 21 21 46.01 49.18 49.22 35032 0.00 0.00 0.00     0 46.03 49.28 49.74 35019     0 0.491
 20 34 34 33.61 39.80 39.67 13376 0.00 0.00 0.00     0 33.58 39.68 39.66 13282     0 0.393
 20 34 34 33.61 39.80 39.67 13376 0.00 0.00 0.00     0 33.58 39.68 39.66 13282     0 0.393
 20 34 34 33.61 39.80 39.67 13376 0.00 0.00 0.00     0 33.58 39.68 39.66 13282     0 0.408
 20 33 33 34.44 39.89 39.74 14600 0.00 0.00 0.00     0 34.29 39.75 39.68 14308     0 0.422
 20 32 32 35.03 41.28 41.65 16264 0.00 0.00 0.00     0 34.97 41.32 41.49 16085     0 0.425
 20 31 31 37.08 43.03 42.33 19632 0.00 0.00 0.00     0 36.96 42.81 42.72 19553     0 0.429
 20 30 30 38.18 44.23 45.18 21440 0.00 0.00 0.00     0 38.14 44.41 45.27 21428     0 0.459
 20 29 29 40.04 44.39 44.94 22880 0.00 0.00 0.00     0 40.07 44.45 45.42 23092     0 0.449
 20 28 28 46.30 47.43 48.46 24832 0.00 0.00 0.00     0 45.62 48.00 49.10 24867     0 0.474
 20 27 27 42.92 48.29 48.26 25376 0.00 0.00 0.00     0 42.82 47.64 48.35 25412     0 0.475
 20 26 26 42.37 47.46 47.83 26408 0.00 0.00 0.00     0 42.37 47.18 47.56 26395     0 0.463
 20 25 25 42.79 47.75 47.51 28200 0.00 0.00 0.00     0 42.73 47.35 47.40 28222     0 0.506
 20 24 24 42.96 47.64 47.61 29648 0.00 0.00 0.00     0 42.93 47.42 47.57 29518     0 0.497
 20 23 23 44.31 48.09 48.48 31696 0.00 0.00 0.00     0 44.19 47.75 48.07 31694     0 0.495
 20 22 22 47.20 48.97 49.45 33496 0.00 0.00 0.00     0 47.02 48.82 49.47 33560     0 0.490
 20 21 21 46.05 49.18 49.22 35080 0.00 0.00 0.00     0 46.02 49.28 49.74 35044     0 0.495
 20 22 22 47.20 48.97 49.45 33496 0.00 0.00 0.00     0 47.02 48.82 49.47 33560     0 0.491
 20 28 28 44.13 47.43 48.46 26888 0.00 0.00 0.00     0 43.99 48.00 49.05 28878     0 0.484
 20 28 28 44.13 47.43 48.46 26920 0.00 0.00 0.00     0 43.99 48.00 49.05 28910     0 0.486
 20 28 28 46.30 47.43 48.46 24832 0.00 0.00 0.00     0 45.62 48.00 49.10 24867     0 0.460
 20 28 28 42.78 47.20 47.04 30976 0.00 0.00 0.00     0 42.61 46.64 47.38 31042     0 0.197
 20 28 28 46.30 47.43 48.46 24800 0.00 0.00 0.00     0 45.62 48.00 49.10 24835     0 0.458
 20 28 28 46.30 47.43 48.46 24832 0.00 0.00 0.00     0 45.62 48.00 49.10 24867     0 0.465
 20 28 28 46.30 47.43 48.46 24800 0.00 0.00 0.00     0 45.62 48.00 49.10 24835     0 0.456
 20 28 28 46.30 47.43 48.46 24800 0.00 0.00 0.00     0 45.62 48.00 49.10 24835     0 0.455
 20 28 28 46.30 47.43 48.46 24800 0.00 0.00 0.00     0 45.62 48.00 49.10 24835     0 0.457
 20 34 34 33.64 39.80 39.67 13488 0.00 0.00 0.00     0 33.60 39.67 39.66 13287     0 0.391
 20 33 33 34.38 39.89 39.74 14568 0.00 0.00 0.00     0 34.33 39.75 39.68 14316     0 0.399
 20 32 32 35.02 41.28 41.65 16328 0.00 0.00 0.00     0 34.99 41.31 41.48 16088     0 0.407
 20 31 31 37.13 43.03 42.33 19664 0.00 0.00 0.00     0 36.98 42.80 42.73 19563     0 0.431
 20 30 30 38.28 44.23 45.18 21344 0.00 0.00 0.00     0 38.15 44.41 45.27 21394     0 0.439
 20 29 29 40.01 44.39 44.94 22872 0.00 0.00 0.00     0 40.06 44.44 45.42 23043     0 0.450
 20 28 28 46.14 47.43 48.46 24728 0.00 0.00 0.00     0 45.59 48.01 49.09 24824     0 0.471
 20 27 27 42.86 48.29 48.26 25360 0.00 0.00 0.00     0 42.82 47.64 48.35 25367     0 0.480
 20 26 26 42.46 47.46 47.83 26408 0.00 0.00 0.00     0 42.37 47.18 47.55 26366     0 0.534
 20 25 25 42.69 47.75 47.51 28224 0.00 0.00 0.00     0 42.73 47.33 47.40 28172     0 0.518
 20 24 24 43.09 47.64 47.61 29640 0.00 0.00 0.00     0 42.94 47.42 47.57 29499     0 0.546
 20 23 23 44.21 48.09 48.48 31560 0.00 0.00 0.00     0 44.19 47.75 48.06 31662     0 0.482
 20 22 22 47.15 48.97 49.45 33568 0.00 0.00 0.00     0 47.08 48.82 49.47 33498     0 0.496
 20 21 21 45.96 49.18 49.22 34904 0.00 0.00 0.00     0 46.02 49.28 49.74 34954     0 0.511
 20 28 28 37.71 40.16 40.82 27720 0.00 0.00 0.00     0 37.74 40.35 40.99 27491     0 0.544
 19 28 28 44.64 50.81 48.21 27520 0.00 0.00 0.00     0 45.11 50.26 46.87 28797     0 0.493
 28 28 28 37.71 40.16 40.82 27720 0.00 0.00 0.00     0 37.75 40.33 40.99 27430     0 0.473
 20 28 28 37.71 40.16 40.82 27720 0.00 0.00 0.00     0 37.74 40.35 40.99 27491     0 0.473
 20 34 34 33.27 38.01 38.79 15144 0.00 0.00 0.00     0 33.42 37.91 38.99 15200     0 0.409
 20 33 33 34.06 38.07 39.12 16632 0.00 0.00 0.00     0 34.07 37.92 39.06 16435     0 0.410
 20 32 32 34.94 40.42 41.41 18776 0.00 0.00 0.00     0 34.92 40.43 41.20 18603     0 0.429
 20 31 31 36.78 41.62 42.09 21928 0.00 0.00 0.00     0 36.73 41.49 42.21 21782     0 0.446
 20 30 30 37.85 43.54 43.72 23944 0.00 0.00 0.00     0 37.96 43.63 43.79 23819     0 0.643
 20 29 29 39.60 43.94 43.74 25568 0.00 0.00 0.00     0 39.75 43.75 43.91 25462     0 0.475
 20 28 28 44.64 50.81 48.21 27520 0.00 0.00 0.00     0 45.11 50.26 46.87 27354     0 0.497
 20 27 27 42.31 46.14 47.67 28256 0.00 0.00 0.00     0 42.42 47.03 47.17 27954     0 0.488
 20 26 26 41.96 46.06 47.36 29192 0.00 0.00 0.00     0 42.12 46.10 47.20 29047     0 0.493
 20 25 25 42.32 45.91 46.70 31336 0.00 0.00 0.00     0 42.51 46.00 46.84 30957     0 0.506
 20 24 24 42.71 46.03 46.80 32736 0.00 0.00 0.00     0 42.78 45.84 46.70 32435     0 0.503
 20 23 23 43.81 46.82 47.50 35312 0.00 0.00 0.00     0 43.91 46.70 47.11 34858     0 0.518
 20 22 22 46.17 47.96 48.13 37472 0.00 0.00 0.00     0 46.39 48.01 47.63 36814     0 0.508
 20 21 21 45.68 48.37 48.28 39040 0.00 0.00 0.00     0 45.80 47.92 47.90 38548     0 0.515
 20 34 34 33.23 38.01 38.79 15168 0.00 0.00 0.00     0 33.44 37.91 38.98 15202     0 0.406
 20 33 33 34.04 38.07 39.12 16648 0.00 0.00 0.00     0 34.08 37.92 39.06 16429     0 0.412
 20 32 32 34.91 40.42 41.41 18800 0.00 0.00 0.00     0 34.93 40.43 41.20 18562     0 0.424
 20 31 31 36.76 41.62 42.09 22104 0.00 0.00 0.00     0 36.76 41.49 42.21 21746     0 0.441
 20 30 30 37.83 43.54 43.72 23864 0.00 0.00 0.00     0 37.96 43.63 43.79 23732     0 0.468
 20 29 29 39.74 43.94 43.74 25632 0.00 0.00 0.00     0 39.79 43.74 43.92 25377     0 0.469
 20 28 28 45.08 50.81 48.21 27576 0.00 0.00 0.00     0 45.17 50.25 46.87 27258     0 0.487
 20 27 27 42.42 46.14 47.67 28240 0.00 0.00 0.00     0 42.45 47.02 47.17 27843     0 0.488
 20 26 26 41.94 46.06 47.36 29304 0.00 0.00 0.00     0 42.13 46.10 47.20 28934     0 0.499
 20 25 25 42.40 45.91 46.70 31240 0.00 0.00 0.00     0 42.51 46.00 46.84 30835     0 0.550
 20 24 24 42.76 46.03 46.80 32848 0.00 0.00 0.00     0 42.79 45.84 46.70 32309     0 0.582
 20 23 23 43.74 46.82 47.50 35296 0.00 0.00 0.00     0 43.93 46.70 47.11 34733     0 0.536
 20 22 22 46.30 47.96 48.13 37472 0.00 0.00 0.00     0 46.43 48.01 47.63 36679     0 0.538
 20 21 21 45.77 48.37 48.28 38968 0.00 0.00 0.00     0 45.84 47.92 47.89 38405     0 0.698
 20 34 34 33.29 38.01 38.79 15208 0.00 0.00 0.00     0 33.41 37.91 38.98 15232     0 0.423
 20 33 33 34.03 38.07 39.12 16624 0.00 0.00 0.00     0 34.06 37.92 39.06 16432     0 0.977
 20 32 32 34.97 40.42 41.41 18784 0.00 0.00 0.00     0 34.89 40.43 41.20 18570     0 0.437
 20 31 31 36.71 41.62 42.09 21976 0.00 0.00 0.00     0 36.74 41.49 42.21 21811     0 0.477
 20 30 30 37.77 43.54 43.72 23928 0.00 0.00 0.00     0 37.96 43.63 43.79 23825     0 0.540
 20 29 29 39.58 43.94 43.74 25664 0.00 0.00 0.00     0 39.76 43.74 43.92 25482     0 0.490
 20 28 28 45.40 50.81 48.21 27656 0.00 0.00 0.00     0 45.14 50.25 46.87 27372     0 0.494
 20 27 27 42.40 46.14 47.67 28240 0.00 0.00 0.00     0 42.46 47.02 47.17 27955     0 0.516
 20 26 26 42.00 46.06 47.36 29344 0.00 0.00 0.00     0 42.13 46.10 47.20 29058     0 0.551
 20 25 25 42.42 45.91 46.70 31224 0.00 0.00 0.00     0 42.51 46.00 46.84 30961     0 0.530
 20 24 24 42.64 46.03 46.80 32696 0.00 0.00 0.00     0 42.78 45.84 46.70 32465     0 0.532
 20 23 23 43.70 46.82 47.50 35336 0.00 0.00 0.00     0 43.90 46.70 47.11 34858     0 0.551
 20 22 22 46.21 47.96 48.13 37464 0.00 0.00 0.00     0 46.43 48.01 47.63 36817     0 0.601
 20 21 21 45.67 48.37 48.28 38904 0.00 0.00 0.00     0 45.82 47.92 47.89 38581     0 0.594
 20 34 34 33.34 38.02 39.00 15200 0.00 0.00 0.00     0 33.42 37.91 38.99 15218     0 0.410
 20 33 33 33.98 38.07 39.12 16616 0.00 0.00 0.00     0 34.06 37.93 39.06 16449     0 0.548
 20 32 32 34.91 40.42 41.41 18792 0.00 0.00 0.00     0 34.89 40.43 41.20 18572     0 0.498
 20 31 31 36.67 41.62 42.09 22040 0.00 0.00 0.00     0 36.74 41.49 42.22 21833     0 0.481
 20 30 30 37.69 43.54 43.72 23768 0.00 0.00 0.00     0 37.94 43.63 43.79 23824     0 0.463
 20 29 29 39.50 43.94 43.74 25624 0.00 0.00 0.00     0 39.76 43.74 43.92 25521     0 0.464
 20 28 28 44.74 50.81 48.21 27656 0.00 0.00 0.00     0 45.12 50.26 46.87 27406     0 0.502
 20 27 27 42.44 46.14 47.67 28280 0.00 0.00 0.00     0 42.46 47.03 47.17 27989     0 0.515
 20 26 26 41.99 46.06 47.36 29432 0.00 0.00 0.00     0 42.12 46.10 47.20 29099     0 0.516
 20 25 25 42.47 45.91 46.70 31376 0.00 0.00 0.00     0 42.50 46.00 46.84 30999     0 0.508
 20 24 24 42.76 46.03 46.80 32856 0.00 0.00 0.00     0 42.75 45.84 46.70 32475     0 0.515
 20 23 23 43.84 46.82 47.50 35344 0.00 0.00 0.00     0 43.90 46.70 47.11 34912     0 0.526
 20 22 22 46.05 47.96 48.13 37488 0.00 0.00 0.00     0 46.37 48.01 47.63 36881     0 0.527
 20 21 21 45.69 48.37 48.28 39008 0.00 0.00 0.00     0 45.81 47.92 47.90 38622     0 0.561
 20 34 34 33.28 38.01 38.79 15216 0.00 0.00 0.00     0 33.43 37.91 38.98 15229     0 0.405
 20 33 33 33.99 38.07 39.12 16464 0.00 0.00 0.00     0 34.08 37.92 39.06 16434     0 0.426
 20 32 32 34.91 40.42 41.41 18752 0.00 0.00 0.00     0 34.90 40.43 41.20 18600     0 0.444
 20 31 31 36.74 41.62 42.09 22080 0.00 0.00 0.00     0 36.73 41.49 42.21 21807     0 0.485
 20 30 30 37.86 43.54 43.72 23960 0.00 0.00 0.00     0 37.95 43.62 43.78 23815     0 0.455
 20 29 29 39.67 43.94 43.74 25720 0.00 0.00 0.00     0 39.76 43.74 43.92 25477     0 0.500
 20 28 28 44.59 50.81 48.21 27640 0.00 0.00 0.00     0 45.14 50.25 46.87 27370     0 0.482
 20 27 27 42.36 46.14 47.67 28208 0.00 0.00 0.00     0 42.44 47.02 47.17 27947     0 0.488
 20 28 28 44.59 50.81 48.21 27640 0.00 0.00 0.00     0 45.14 50.25 46.87 27370     0 0.494
 20 26 26 41.81 46.06 47.36 29312 0.00 0.00 0.00     0 42.12 46.10 47.20 29064     0 0.525
 20 25 25 42.42 45.91 46.70 31312 0.00 0.00 0.00     0 42.50 46.00 46.84 30962     0 0.505
 20 24 24 42.76 46.03 46.80 32824 0.00 0.00 0.00     0 42.79 45.84 46.70 32446     0 0.560
 20 23 23 43.72 46.82 47.50 35352 0.00 0.00 0.00     0 43.92 46.70 47.11 34863     0 0.558
 20 22 22 46.26 47.96 48.13 37448 0.00 0.00 0.00     0 46.41 48.01 47.63 36806     0 0.584
 20 21 21 45.74 48.37 48.28 39040 0.00 0.00 0.00     0 45.83 47.92 47.90 38541     0 0.538
 20 34 34 33.28 38.01 38.79 15216 0.00 0.00 0.00     0 33.43 37.91 38.99 15227     0 0.413
120 28 28 37.39 40.98 40.92 25152 0.00 0.00 0.00     0 37.25 41.22 40.93 25343     0 0.502
 74 28 28 37.39 40.98 40.92 25152 0.00 0.00 0.00     0 37.27 41.17 40.93 25245     0 0.472
 74 34 34 33.60 39.80 39.67 13400 0.00 0.00 0.00     0 33.70 39.88 39.60 13158     0 0.409
 74 28 28 45.89 47.43 48.46 24768 0.00 0.00 0.00     0 45.77 48.53 49.13 24263     0 0.521
 20 28 28 37.39 40.98 40.92 25144 0.00 0.00 0.00     0 37.31 41.22 41.01 25154     0 0.489
 20 34 34 33.63 39.80 39.67 13408 0.00 0.00 0.00     0 33.50 39.68 39.66 13349     0 0.426
 20 32 32 34.93 41.28 41.65 16312 0.00 0.00 0.00     0 34.87 41.32 41.48 16213     0 0.427
 20 30 30 38.20 44.23 45.18 21672 0.00 0.00 0.00     0 38.08 44.41 45.27 21756     0 0.471
 20 28 28 45.81 47.43 48.46 25080 0.00 0.00 0.00     0 45.47 48.00 49.11 25201     0 0.468
 20 26 26 42.28 47.46 47.83 26744 0.00 0.00 0.00     0 42.30 47.18 47.55 26714     0 0.491
 20 24 24 42.89 47.64 47.61 29944 0.00 0.00 0.00     0 42.86 47.42 47.57 29860     0 0.496
 20 22 22 47.06 48.97 49.45 33968 0.00 0.00 0.00     0 47.02 48.82 49.47 33952     0 0.527
 20 34 34 33.51 39.80 39.67 13384 0.00 0.00 0.00     0 33.48 39.68 39.65 13358     0 0.449
 20 32 32 34.83 41.28 41.65 16256 0.00 0.00 0.00     0 34.86 41.30 41.48 16202     0 0.444
 20 30 30 38.14 44.23 45.18 21696 0.00 0.00 0.00     0 38.06 44.41 45.27 21782     0 0.500
 20 28 28 46.20 47.43 48.46 25184 0.00 0.00 0.00     0 45.47 48.00 49.09 25245     0 0.508
 20 26 26 42.24 47.46 47.83 26784 0.00 0.00 0.00     0 42.32 47.18 47.55 26763     0 0.546
 20 24 24 42.92 47.64 47.61 29952 0.00 0.00 0.00     0 42.91 47.42 47.57 29926     0 0.624
 20 22 22 47.04 48.97 49.45 33920 0.00 0.00 0.00     0 47.03 48.82 49.47 34002     0 0.498
 20 34 34 33.48 39.80 39.67 13392 0.00 0.00 0.00     0 33.47 39.68 39.66 13348     0 0.408
 20 32 32 34.95 41.28 41.65 16416 0.00 0.00 0.00     0 34.86 41.31 41.49 16197     0 0.430
 20 30 30 38.05 44.23 45.18 21544 0.00 0.00 0.00     0 38.08 44.41 45.27 21788     0 0.473
 20 28 28 45.90 47.43 48.46 25168 0.00 0.00 0.00     0 45.62 48.00 49.10 25267     0 0.513
 20 26 26 42.31 47.46 47.83 26752 0.00 0.00 0.00     0 42.33 47.18 47.56 26760     0 0.507
 20 24 24 42.96 47.64 47.61 29912 0.00 0.00 0.00     0 42.87 47.42 47.57 29899     0 0.483
 20 22 22 47.07 48.97 49.45 33928 0.00 0.00 0.00     0 47.07 48.82 49.47 34021     0 0.523
 20 34 34 33.58 39.80 39.67 13520 0.00 0.00 0.00     0 33.49 39.68 39.65 13352     0 0.413
 20 32 32 34.97 41.28 41.65 16368 0.00 0.00 0.00     0 34.86 41.30 41.48 16184     0 0.437
 20 30 30 38.12 44.23 45.18 21752 0.00 0.00 0.00     0 38.09 44.41 45.27 21778     0 0.466
 20 28 28 46.37 47.43 48.46 25168 0.00 0.00 0.00     0 45.51 48.00 49.09 25243     0 0.473
 20 26 26 42.37 47.46 47.83 26816 0.00 0.00 0.00     0 42.30 47.18 47.55 26753     0 0.481
 20 24 24 42.92 47.64 47.61 29984 0.00 0.00 0.00     0 42.87 47.42 47.58 29903     0 0.489
 20 22 22 47.09 48.97 49.45 34032 0.00 0.00 0.00     0 47.06 48.82 49.47 34029     0 0.533
 20 34 34 33.52 39.80 39.67 13440 0.00 0.00 0.00     0 33.48 39.67 39.66 13358     0 0.401
 20 32 32 34.94 41.28 41.65 16408 0.00 0.00 0.00     0 34.86 41.31 41.49 16185     0 0.422
 20 30 30 38.16 44.23 45.18 21792 0.00 0.00 0.00     0 38.07 44.41 45.27 21752     0 0.473
 20 28 28 45.93 47.43 48.46 25200 0.00 0.00 0.00     0 45.53 48.00 49.11 25217     0 0.492
 20 26 26 42.41 47.46 47.83 26856 0.00 0.00 0.00     0 42.33 47.18 47.56 26722     0 0.529
 20 24 24 42.94 47.64 47.61 30008 0.00 0.00 0.00     0 42.87 47.41 47.57 29868     0 0.514
 20 22 22 47.10 48.97 49.45 34040 0.00 0.00 0.00     0 47.07 48.82 49.47 33990     0 0.525
 20 28 28 37.47 41.08 40.97 25416 0.00 0.00 0.00     0 37.33 41.38 41.04  4949   184 7.030
 20 28 28 37.39 40.98 40.92 25144 0.00 0.00 0.00     0 37.31 41.22 41.01 25154     0 0.465
 20 34 34 33.83 39.80 39.67 13376 0.00 0.00 0.00     0 33.76 39.68 39.65 13306     0 0.442
 20 32 32 35.27 41.28 41.65 16160 0.00 0.00 0.00     0 35.26 41.31 41.47 16099     0 0.474
 20 30 30 38.39 44.23 45.18 20624 0.00 0.00 0.00     0 38.26 44.41 45.27 20779     0 0.479
 20 28 28 46.27 47.43 48.46 24000 0.00 0.00 0.00     0 45.56 48.00 49.10 24161     0 0.487
 20 26 26 42.54 47.46 47.83 25680 0.00 0.00 0.00     0 42.41 47.18 47.55 25707     0 0.509
 20 24 24 43.10 47.64 47.61 28904 0.00 0.00 0.00     0 43.10 47.41 47.58 28835     0 0.547
 20 22 22 46.96 48.97 49.45 32480 0.00 0.00 0.00     0 47.04 48.82 49.47 32545     0 0.548
 20 34 34 33.80 39.80 39.67 13368 0.00 0.00 0.00     0 33.76 39.68 39.66 13301     0 0.428
 20 32 32 35.28 41.28 41.65 16184 0.00 0.00 0.00     0 35.26 41.32 41.47 16110     0 0.432
 20 30 30 38.43 44.23 45.18 20664 0.00 0.00 0.00     0 38.27 44.41 45.27 20789     0 0.441
 20 28 28 46.25 47.43 48.46 24008 0.00 0.00 0.00     0 45.55 48.00 49.10 24161     0 0.456
 20 26 26 42.51 47.46 47.83 25720 0.00 0.00 0.00     0 42.42 47.18 47.55 25704     0 0.495
 20 24 24 43.14 47.64 47.61 28920 0.00 0.00 0.00     0 43.09 47.42 47.57 28832     0 0.535
 20 22 22 46.89 48.97 49.45 32464 0.00 0.00 0.00     0 47.06 48.82 49.47 32546     0 0.562
 20 34 34 33.77 39.80 39.67 13360 0.00 0.00 0.00     0 33.77 39.68 39.66 13308     0 0.400
 20 32 32 35.31 41.28 41.65 16216 0.00 0.00 0.00     0 35.26 41.32 41.49 16110     0 0.420
 20 30 30 38.41 44.23 45.18 20680 0.00 0.00 0.00     0 38.25 44.41 45.27 20778     0 0.447
 20 28 28 46.21 47.43 48.46 24008 0.00 0.00 0.00     0 45.58 48.00 49.10 24165     0 0.494
 20 26 26 42.47 47.46 47.83 25688 0.00 0.00 0.00     0 42.42 47.18 47.55 25709     0 0.468
 20 24 24 43.10 47.64 47.61 28904 0.00 0.00 0.00     0 43.09 47.41 47.58 28846     0 0.524
 20 22 22 46.94 48.97 49.45 32472 0.00 0.00 0.00     0 47.05 48.82 49.47 32548     0 0.516
 20 34 34 33.83 39.80 39.67 13432 0.00 0.00 0.00     0 33.77 39.68 39.66 13306     0 0.408
 20 32 32 35.27 41.28 41.65 16200 0.00 0.00 0.00     0 35.26 41.31 41.48 16093     0 0.431
 20 30 30 38.41 44.23 45.18 20688 0.00 0.00 0.00     0 38.27 44.41 45.27 20782     0 0.453
 20 28 28 46.28 47.43 48.46 24024 0.00 0.00 0.00     0 45.56 48.00 49.10 24162     0 0.514
 20 28 28 46.28 47.43 48.46 24024 0.00 0.00 0.00     0 45.56 48.00 49.10 24162     0 0.529
 20 26 26 42.52 47.46 47.83 25696 0.00 0.00 0.00     0 42.41 47.18 47.55 25711     0 0.480
 20 24 24 43.07 47.64 47.61 28896 0.00 0.00 0.00     0 43.10 47.41 47.58 28852     0 0.476
 20 22 22 46.95 48.97 49.45 32472 0.00 0.00 0.00     0 47.05 48.82 49.47 32559     0 0.536
 20 22 22 46.95 48.97 49.45 32472 0.00 0.00 0.00     0 47.05 48.82 49.47 32559     0 0.612
 20 34 34 33.80 39.80 39.67 13384 0.00 0.00 0.00     0 33.76 39.68 39.66 13286     0 0.420
 20 32 32 35.28 41.28 41.65 16200 0.00 0.00 0.00     0 35.25 41.32 41.46 16096     0 0.415
 20 30 30 38.44 44.23 45.18 20696 0.00 0.00 0.00     0 38.26 44.41 45.27 20763     0 0.445
 20 28 28 46.29 47.43 48.46 24024 0.00 0.00 0.00     0 45.55 48.00 49.10 24157     0 0.483
 20 30 30 38.44 44.23 45.18 20696 0.00 0.00 0.00     0 38.26 44.41 45.27 20763     0 0.449
 20 26 26 42.53 47.46 47.83 25680 0.00 0.00 0.00     0 42.42 47.18 47.55 25700     0 0.479
 20 24 24 43.09 47.64 47.61 28904 0.00 0.00 0.00     0 43.09 47.42 47.57 28833     0 0.508
 20 30 30 38.44 44.23 45.18 20696 0.00 0.00 0.00     0 38.26 44.41 45.27 20763     0 0.433
 20 28 28 46.29 47.43 48.46 24024 0.00 0.00 0.00     0 45.55 48.00 49.10 24157     0 0.438
 20 22 22 46.91 48.97 49.45 32472 0.00 0.00 0.00     0 47.04 48.82 49.47 32549     0 0.468
 20 34 34 33.79 39.80 39.67 13384 0.00 0.00 0.00     0 33.76 39.68 39.66 13299     0 0.451
 20 32 32 35.31 41.28 41.65 16248 0.00 0.00 0.00     0 35.25 41.32 41.50 16106     0 0.491
 20 30 30 38.45 44.23 45.18 20704 0.00 0.00 0.00     0 38.25 44.41 45.27 20773     0 0.449
 20 28 28 46.30 47.43 48.46 24040 0.00 0.00 0.00     0 45.54 48.00 49.10 24171     0 0.453
 20 34 34 33.79 39.80 39.67 13384 0.00 0.00 0.00     0 33.76 39.68 39.66 13299     0 0.416
 20 34 34 33.79 39.80 39.67 13384 0.00 0.00 0.00     0 33.76 39.68 39.66 13299     0 0.409
 20 32 32 35.31 41.28 41.65 16248 0.00 0.00 0.00     0 35.25 41.32 41.50 16106     0 0.420
 20 30 30 38.45 44.23 45.18 20704 0.00 0.00 0.00     0 38.25 44.41 45.27 20773     0 0.430
 20 28 28 46.30 47.43 48.46 24040 0.00 0.00 0.00     0 45.54 48.00 49.10 24171     0 0.609
 20 26 26 42.53 47.46 47.83 25728 0.00 0.00 0.00     0 42.42 47.18 47.55 25714     0 0.712
 20 24 24 43.13 47.64 47.61 28928 0.00 0.00 0.00     0 43.09 47.42 47.57 28839     0 0.565
 20 22 22 46.92 48.97 49.45 32504 0.00 0.00 0.00     0 47.03 48.82 49.47 32566     0 0.495
 20 34 34 33.82 39.80 39.67 13432 0.00 0.00 0.00     0 33.78 39.68 39.66 13331     0 0.381
 20 32 32 35.30 41.36 41.60 16232 0.00 0.00 0.00     0 35.26 41.32 41.48 16119     0 0.409
 20 30 30 38.42 44.23 45.18 20744 0.00 0.00 0.00     0 38.23 44.41 45.27 20784     0 0.462
 20 28 28 46.26 47.43 48.46 24040 0.00 0.00 0.00     0 45.56 48.00 49.10 24178     0 0.449
 20 26 26 42.52 47.46 47.83 25728 0.00 0.00 0.00     0 42.43 47.18 47.55 25720     0 0.455
 20 24 24 43.12 47.64 47.61 28944 0.00 0.00 0.00     0 43.11 47.41 47.58 28854     0 0.468
 20 22 22 46.97 48.97 49.45 32496 0.00 0.00 0.00     0 47.03 48.82 49.47 32571     0 0.523
 20 34 34 33.83 39.80 39.67 13392 0.00 0.00 0.00     0 33.78 39.68 39.66 13335     0 0.384
 20 32 32 35.31 41.36 41.60 16256 0.00 0.00 0.00     0 35.25 41.32 41.48 16116     0 0.444
 20 30 30 38.44 44.23 45.18 20680 0.00 0.00 0.00     0 38.26 44.41 45.27 20788     0 0.432
 20 28 28 46.10 47.43 48.46 24008 0.00 0.00 0.00     0 45.54 48.00 49.10 24180     0 0.450
 20 26 26 42.50 47.46 47.83 25736 0.00 0.00 0.00     0 42.42 47.18 47.55 25736     0 0.450
 20 24 24 43.13 47.64 47.61 28952 0.00 0.00 0.00     0 43.11 47.41 47.58 28864     0 0.480
 20 22 22 46.95 48.97 49.45 32496 0.00 0.00 0.00     0 47.04 48.82 49.47 32566     0 0.475
 20 34 34 33.80 39.80 39.67 13368 0.00 0.00 0.00     0 33.77 39.68 39.65 13311     0 0.390
 20 32 32 35.31 41.28 41.65 16208 0.00 0.00 0.00     0 35.26 41.32 41.50 16125     0 0.401
 20 30 30 38.44 44.23 45.18 20712 0.00 0.00 0.00     0 38.25 44.41 45.27 20775     0 0.424
 20 28 28 46.27 47.43 48.46 24040 0.00 0.00 0.00     0 45.57 48.00 49.10 24177     0 0.438
 20 26 26 42.53 47.46 47.83 25736 0.00 0.00 0.00     0 42.41 47.18 47.55 25718     0 0.450
 20 24 24 43.14 47.64 47.61 28920 0.00 0.00 0.00     0 43.10 47.42 47.57 28845     0 0.512
 20 22 22 46.88 48.97 49.45 32496 0.00 0.00 0.00     0 47.03 48.82 49.47 32563     0 0.508
 20 34 34 33.85 39.80 39.67 13408 0.00 0.00 0.00     0 33.77 39.68 39.65 13310     0 0.438
 20 32 32 35.29 41.28 41.65 16152 0.00 0.00 0.00     0 35.26 41.31 41.46 16106     0 0.464
 20 30 30 38.47 44.23 45.18 20720 0.00 0.00 0.00     0 38.25 44.41 45.27 20785     0 0.449
 20 28 28 46.31 47.43 48.46 24032 0.00 0.00 0.00     0 45.54 48.00 49.10 24174     0 0.464
 20 26 26 42.53 47.46 47.83 25728 0.00 0.00 0.00     0 42.42 47.18 47.55 25722     0 0.455
 20 24 24 43.12 47.64 47.61 28856 0.00 0.00 0.00     0 43.10 47.41 47.58 28842     0 0.490
 20 22 22 46.94 48.97 49.45 32520 0.00 0.00 0.00     0 47.05 48.82 49.47 32565     0 0.615
 20 22 22 46.96 48.97 49.45 32480 0.00 0.00 0.00     0 47.06 48.82 49.47 32548     0 0.476
 20 22 22 46.09 47.96 48.13 36288 0.00 0.00 0.00     0 46.38 48.01 47.63 35834     0 0.508
 20 28 28 35.05 36.68 36.42 66720 0.00 0.00 0.00     0 35.02 36.81 36.40 66710     0 0.637
 20 28 28 35.53 44.48 45.73 27776 0.00 0.00 0.00     0 35.47 44.24 45.43 28616     0 0.493
 20 28 28 35.54 44.52 45.71 28008 0.00 0.00 0.00     0 35.48 44.35 45.41 28776     0 0.464
 20 28 28 35.54 44.52 45.71 28008 0.00 0.00 0.00     0 35.48 44.35 45.41 28776     0 0.459
 20 28 28 35.54 44.52 45.71 28008 0.00 0.00 0.00     0 35.48 44.35 45.41 28776     0 0.458
 20 28 28 35.54 44.52 45.71 28072 0.00 0.00 0.00     0 35.48 44.35 45.41 28840     0 0.457
 20 28 28 35.54 44.52 45.71 28008 0.00 0.00 0.00     0 35.48 44.35 45.41 28776     0 0.454
 20 28 28 35.54 44.52 45.71 28072 0.00 0.00 0.00     0 35.48 44.35 45.41 28840     0 0.476
 20 28 28 35.50 44.41 46.14 28168 0.00 0.00 0.00     0 35.46 44.28 45.77 29149     0 0.369
 20 28 28 35.50 44.41 46.14 28072 0.00 0.00 0.00     0 35.46 44.28 45.77 29053     0 0.374
 40 28 28 35.50 44.41 46.14 28088 0.00 0.00 0.00     0 35.41 44.10 45.37 30223     0 0.372
 40 28 28 35.50 44.41 46.14 28088 0.00 0.00 0.00     0 35.41 44.10 45.37 30223     0 0.386
 40 28 28 35.50 44.41 46.14 28184 0.00 0.00 0.00     0 35.41 44.10 45.37 30319     0 0.388
 20 28 28 35.50 44.41 46.14 28168 0.00 0.00 0.00     0 35.46 44.28 45.77 29149     0 0.381
 20 28 28 35.50 44.41 46.14 28072 0.00 0.00 0.00     0 35.46 44.28 45.77 29053     0 0.380
 20 28 28 35.54 44.52 45.71 28008 0.00 0.00 0.00     0 35.48 44.35 45.41 28776     0 0.491
 20 28 28 35.54 44.52 45.71 28072 0.00 0.00 0.00     0 35.48 44.35 45.41 28840     0 0.488
 20 28 28 35.54 44.52 45.71 28072 0.00 0.00 0.00     0 35.48 44.35 45.41 28840     0 0.468
 20 28 28 35.54 44.52 45.71 28072 0.00 0.00 0.00     0 35.48 44.35 45.41 28840     0 0.488
 20 28 28 35.54 44.52 45.71 28072 0.00 0.00 0.00     0 35.48 44.35 45.41 28840     0 0.519
 20 28 28 35.53 44.48 45.73 27776 0.00 0.00 0.00     0 35.47 44.24 45.43 28616     0 0.491
  3 28 28 35.44 44.15 46.55 38264 0.00 0.00 0.00     0 35.49 44.21 46.43 38248     0 0.283
  3 28 28 35.53 44.48 45.73 27776 0.00 0.00 0.00     0 35.53 44.53 45.77 27800     0 0.488
  3 28 28 35.53 44.48 45.73 27776 0.00 0.00 0.00     0 35.53 44.53 45.77 27800     0 0.489
  3 28 28 35.50 44.47 46.26 28392 0.00 0.00 0.00     0 35.51 44.43 46.29 28485     0 0.348
  3 28 28 35.50 44.41 46.14 28080 0.00 0.00 0.00     0 35.52 44.44 46.10 28200     0 0.359
  3 28 28 35.53 44.48 45.73 27776 0.00 0.00 0.00     0 35.53 44.53 45.77 27800     0 0.499
  3 28 28 35.53 44.48 45.73 27776 0.00 0.00 0.00     0 35.53 44.53 45.77 27800     0 0.504
  3 28 28 35.53 44.48 45.73 27776 0.00 0.00 0.00     0 35.53 44.53 45.77 27802     0 0.515
  6 28 28 35.53 44.48 45.73 27776 0.00 0.00 0.00     0 35.50 44.53 45.77 27888     0 0.506
  6 28 28 35.53 44.48 45.73 27776 0.00 0.00 0.00     0 34.72 44.62 45.79 11990     0 1.691
  6 28 28 35.53 44.48 45.73 27776 0.00 0.00 0.00     0 35.50 44.53 45.77 27888     0 0.496
  6 28 28 35.53 44.48 45.73 27776 0.00 0.00 0.00     0 35.50 44.53 45.77 27885     0 0.506
 15 28 28 35.53 44.48 45.73 27776 0.00 0.00 0.00     0 34.65 44.33 45.46 11030     0 1.882
 15 28 28 35.53 44.48 45.73 27776 0.00 0.00 0.00     0 34.77 44.34 45.58 12208     0 3.805
 20 28 28 35.45 44.15 46.55 38608 0.00 0.00 0.00     0 35.43 44.16 46.00 39239     0 0.278
  3 28 28 35.44 44.15 46.55 38264 0.00 0.00 0.00     0 35.49 44.21 46.43 38248     0 0.296
 15 28 28 35.44 44.15 46.55 38336 0.00 0.00 0.00     0 35.44 44.21 46.17 38678     0 0.268
 30 28 28 35.45 44.15 46.55 38608 0.00 0.00 0.00     0 35.41 44.09 45.72 39948     0 0.263
 30 28 28 35.48 44.29 46.01 28256 0.00 0.00 0.00     0 35.44 44.16 45.46 29760     0 0.407
 30 28 28 35.46 44.20 46.51 34328 0.00 0.00 0.00     0 35.42 44.11 45.70 36111     0 0.316
 20 28 28 37.71 40.16 40.82 27720 0.00 0.00 0.00     0 37.74 40.35 40.99 27491     0 0.474
 20 28 28 44.65 50.81 48.21 27040 0.00 0.00 0.00     0 45.03 50.23 46.87 26890     0 0.470
 20 28 28 44.72 50.81 48.21 27088 0.00 0.00 0.00     0 45.04 50.23 46.87 26888     0 0.460
 20 28 28 45.35 50.81 48.21 27080 0.00 0.00 0.00     0 45.07 50.24 46.87 26895     0 0.474
 20 28 28 45.41 50.81 48.21 27056 0.00 0.00 0.00     0 45.06 50.24 46.87 26889     0 0.468
 20 28 28 45.00 50.81 48.21 27136 0.00 0.00 0.00     0 45.03 50.23 46.87 26896     0 0.477
 20 28 28 44.50 50.81 48.21 26960 0.00 0.00 0.00     0 45.16 50.24 46.87 26839     0 0.453
 20 28 28 45.01 50.81 48.21 26968 0.00 0.00 0.00     0 45.11 50.24 46.87 26855     0 0.455
 20 28 28 45.33 50.81 48.21 27016 0.00 0.00 0.00     0 45.13 50.24 46.87 26850     0 0.455
 20 28 28 45.51 50.81 48.21 27056 0.00 0.00 0.00     0 45.09 50.24 46.87 26860     0 0.456
 20 28 28 44.77 50.81 48.21 27032 0.00 0.00 0.00     0 45.09 50.24 46.87 26865     0 0.454
 20 28 28 45.09 50.81 48.21 27024 0.00 0.00 0.00     0 45.10 50.24 46.87 26848     0 0.494
 20 28 28 37.82 40.16 40.82 27856 0.00 0.00 0.00     0 37.67 40.10 40.93  6029   424 6.293
 30 28 28 37.71 40.16 40.82 27720 0.00 0.00 0.00     0 37.75 40.32 40.98 27428     0 0.461
 20 28 28 35.05 36.68 36.42 66720 0.00 0.00 0.00     0 35.02 36.81 36.40 66710     0 0.645
 20 28 28 37.71 40.16 40.82 27720 0.00 0.00 0.00     0 37.74 40.35 40.99 27491     0 0.470
 20 28 28 37.71 40.16 40.82 27720 0.00 0.00 0.00     0 37.74 40.35 40.99 27491     0 0.469
 20 28 28 37.39 40.98 40.92 25144 0.00 0.00 0.00     0 37.31 41.22 41.01 25154     0 0.452
 20 28 28 37.71 40.16 40.82 27720 0.00 0.00 0.00     0 37.74 40.35 40.99 27491     0 0.464
 20 28 28 35.05 36.68 36.42 66720 0.00 0.00 0.00     0 35.02 36.81 36.40 66710     0 0.673
 20 28 28 35.53 44.48 45.73 27776 0.00 0.00 0.00     0 35.47 44.24 45.43 28616     0 0.491
 20 28 28 35.53 44.48 45.73 27776 0.00 0.00 0.00     0 35.47 44.24 45.43 28616     0 0.487
 20 28 28 38.96 41.09 42.09 19048 0.00 0.00 0.00     0 38.95 41.14 42.00 19080     0 0.416
 20 28 28 37.39 40.98 40.92 25144 0.00 0.00 0.00     0 37.31 41.22 41.01 25154     0 0.451
 20 28 28 37.71 40.16 40.82 27720 0.00 0.00 0.00     0 37.74 40.35 40.99 27491     0 0.463
 20 28 28 35.05 36.68 36.42 66720 0.00 0.00 0.00     0 35.02 36.81 36.40 66710     0 0.639
 20 28 28 35.53 44.48 45.73 27776 0.00 0.00 0.00     0 35.47 44.24 45.43 28616     0 0.555
 20 28 28 38.62 38.77 39.63 10456 0.00 0.00 0.00     0 38.55 38.73 39.55 10584     0 0.365
 20 28 28 40.93 40.65 42.46 12984 0.00 0.00 0.00     0 40.82 40.30 42.57 13063     0 0.375
 20 28 28 37.26 40.07 40.44 21048 0.00 0.00 0.00     0 37.30 40.14 40.44 21176     0 0.438
 20 28 28 38.26 41.61 42.33 16280 0.00 0.00 0.00     0 38.26 41.42 42.30 15943     0 0.409
 20 28 28 37.38 41.26 42.85 21952 0.00 0.00 0.00     0 37.20 41.17 42.84 22834     0 0.444
 20 28 28 38.28 40.07 41.57 21840 0.00 0.00 0.00     0 38.31 40.09 41.53 22126     0 0.525
 20 28 28 37.75 40.69 41.86 22368 0.00 0.00 0.00     0 38.20 40.76 41.63 20850     0 0.492
 20 28 28 35.84 37.29 38.07 28416 0.00 0.00 0.00     0 35.84 37.43 38.13 28312     0 0.501
 20 28 28 36.35 39.78 40.41 29112 0.00 0.00 0.00     0 36.35 39.76 40.42 28670     0 0.526
 20 28 28 37.71 40.16 40.82 27720 0.00 0.00 0.00     0 37.74 40.35 40.99 27491     0 0.483
 20 34 34 33.43 38.01 38.79 15224 0.00 0.00 0.00     0 33.56 37.91 38.99 15247     0 0.400
 20 32 32 35.13 40.42 41.41 18672 0.00 0.00 0.00     0 35.13 40.43 41.20 18548     0 0.426
 20 30 30 37.83 43.54 43.72 23168 0.00 0.00 0.00     0 38.03 43.63 43.79 23220     0 0.449
 20 28 28 45.37 50.81 48.21 26880 0.00 0.00 0.00     0 45.17 50.25 46.87 26698     0 0.477
 20 32 32 35.13 40.42 41.41 18672 0.00 0.00 0.00     0 35.13 40.43 41.20 18548     0 0.435
 20 30 30 37.83 43.54 43.72 23168 0.00 0.00 0.00     0 38.03 43.63 43.79 23220     0 0.454
 20 32 32 35.13 40.42 41.41 18672 0.00 0.00 0.00     0 35.13 40.43 41.20 18548     0 0.433
 20 30 30 37.83 43.54 43.72 23168 0.00 0.00 0.00     0 38.03 43.63 43.79 23220     0 0.448
 20 34 34 33.43 38.01 38.79 15224 0.00 0.00 0.00     0 33.56 37.91 38.99 15247     0 0.424
 20 28 28 45.37 50.81 48.21 26880 0.00 0.00 0.00     0 45.17 50.25 46.87 26698     0 0.474
 20 26 26 42.06 46.06 47.36 28616 0.00 0.00 0.00     0 42.16 46.10 47.20 28377     0 0.488
 20 24 24 42.86 46.03 46.80 31992 0.00 0.00 0.00     0 42.95 45.84 46.70 31779     0 0.544
 20 22 22 46.09 47.96 48.13 36288 0.00 0.00 0.00     0 46.37 48.01 47.63 35838     0 0.544
 20 34 34 33.42 38.01 38.79 15224 0.00 0.00 0.00     0 33.56 37.91 38.99 15249     0 0.419
 20 32 32 35.15 40.42 41.41 18656 0.00 0.00 0.00     0 35.12 40.43 41.20 18554     0 0.431
 20 30 30 37.82 43.54 43.72 23168 0.00 0.00 0.00     0 38.04 43.63 43.79 23219     0 0.457
 20 28 28 45.40 50.81 48.21 26880 0.00 0.00 0.00     0 45.17 50.25 46.87 26706     0 0.509
 20 26 26 42.07 46.06 47.36 28648 0.00 0.00 0.00     0 42.15 46.10 47.20 28386     0 0.512
 20 24 24 42.92 46.03 46.80 31984 0.00 0.00 0.00     0 42.95 45.84 46.70 31780     0 0.580
 20 22 22 46.09 47.96 48.13 36288 0.00 0.00 0.00     0 46.38 48.01 47.63 35846     0 0.522
 20 34 34 33.42 38.01 38.79 15224 0.00 0.00 0.00     0 33.57 37.91 38.99 15254     0 0.587
 20 32 32 35.12 40.42 41.41 18704 0.00 0.00 0.00     0 35.12 40.43 41.20 18556     0 0.439
 20 30 30 37.84 43.54 43.72 23176 0.00 0.00 0.00     0 38.03 43.63 43.79 23208     0 0.463
 20 28 28 45.47 50.81 48.21 26904 0.00 0.00 0.00     0 45.18 50.25 46.87 26707     0 0.465
 20 26 26 42.00 46.06 47.36 28640 0.00 0.00 0.00     0 42.14 46.10 47.20 28385     0 0.518
 20 24 24 42.89 46.03 46.80 32048 0.00 0.00 0.00     0 42.94 45.84 46.70 31782     0 0.647
 20 22 22 46.13 47.96 48.13 36304 0.00 0.00 0.00     0 46.37 48.01 47.63 35838     0 0.615
 20 34 34 33.42 38.01 38.79 15224 0.00 0.00 0.00     0 33.57 37.91 38.99 15254     0 0.423
 20 34 34 29.79 34.31 33.66 36616 0.00 0.00 0.00     0 29.83 34.34 33.53 36732     0 0.649
 20 32 32 31.36 37.09 36.47 45856 0.00 0.00 0.00     0 31.39 37.17 36.51 45828     0 0.632
 20 30 30 34.51 40.87 40.34 57848 0.00 0.00 0.00     0 34.58 40.91 40.15 57991     0 0.625
 20 28 28 45.74 49.57 49.57 66240 0.00 0.00 0.00     0 44.82 48.29 48.99 66154     0 0.647
 20 26 26 38.95 43.13 42.45 69264 0.00 0.00 0.00     0 38.98 43.25 42.38 69359     0 0.651
 20 24 24 39.69 42.45 41.94 76784 0.00 0.00 0.00     0 39.70 42.70 41.89 77052     0 0.665
 20 22 22 46.30 46.70 47.64 86400 0.00 0.00 0.00     0 46.25 46.71 47.17 86248     0 0.679
 20 34 34 29.79 34.31 33.66 36712 0.00 0.00 0.00     0 29.83 34.34 33.53 36758     0 0.512
 20 32 32 31.36 37.09 36.47 45872 0.00 0.00 0.00     0 31.38 37.17 36.51 45842     0 0.561
 20 30 30 34.52 40.87 40.34 58000 0.00 0.00 0.00     0 34.57 40.91 40.15 58005     0 0.608
 20 28 28 45.64 49.57 49.57 66232 0.00 0.00 0.00     0 44.82 48.29 48.99 66160     0 0.634
 20 26 26 38.92 43.13 42.45 69184 0.00 0.00 0.00     0 38.98 43.25 42.38 69376     0 0.644
 20 24 24 39.74 42.45 41.94 76928 0.00 0.00 0.00     0 39.70 42.70 41.89 77054     0 0.658
 20 22 22 46.26 46.70 47.64 86384 0.00 0.00 0.00     0 46.27 46.71 47.17 86262     0 0.686
 20 34 34 29.83 34.31 33.66 36744 0.00 0.00 0.00     0 29.84 34.34 33.53 36775     0 0.510
 20 32 32 31.39 37.09 36.47 45840 0.00 0.00 0.00     0 31.38 37.17 36.51 45790     0 0.554
 20 30 30 34.58 40.87 40.34 58008 0.00 0.00 0.00     0 34.57 40.91 40.15 58011     0 0.604
 20 28 28 45.44 49.57 49.57 66224 0.00 0.00 0.00     0 44.81 48.29 48.99 66154     0 0.634
 20 26 26 38.92 43.13 42.45 69192 0.00 0.00 0.00     0 38.98 43.25 42.38 69365     0 0.646
 20 24 24 39.68 42.45 41.94 76936 0.00 0.00 0.00     0 39.70 42.70 41.89 77070     0 0.703
 20 22 22 46.16 46.70 47.64 86400 0.00 0.00 0.00     0 46.26 46.71 47.17 86244     0 0.694
 20 34 34 32.39 43.97 45.48 11544 0.00 0.00 0.00     0 32.26 44.49 44.46 12116     0 0.392
 20 32 32 33.68 46.45 47.49 14552 0.00 0.00 0.00     0 33.54 46.01 46.97 15282     0 0.417
 20 30 30 36.56 48.24 49.05 20928 0.00 0.00 0.00     0 36.46 48.19 49.05 21568     0 0.459
 20 28 28 41.97 50.86 51.52 25888 0.00 0.00 0.00     0 41.77 51.59 52.20 26621     0 0.490
 20 26 26 41.18 50.80 57.04 27584 0.00 0.00 0.00     0 41.10 52.21 51.85 28474     0 0.506
 20 24 24 41.56 52.89 53.46 31176 0.00 0.00 0.00     0 41.47 52.41 52.87 32071     0 0.522
 20 22 22 44.22 54.54 57.36 36168 0.00 0.00 0.00     0 44.14 54.59 57.40 37331     0 0.550
 20 34 34 32.40 43.38 45.96 11496 0.00 0.00 0.00     0 32.25 44.50 44.49 12122     0 0.392
 20 32 32 33.67 46.45 47.49 14584 0.00 0.00 0.00     0 33.54 45.99 46.97 15268     0 0.478
 20 30 30 36.64 48.24 49.05 21032 0.00 0.00 0.00     0 36.46 48.19 49.05 21588     0 0.445
 20 28 28 41.78 50.86 51.52 25856 0.00 0.00 0.00     0 41.75 51.59 52.20 26629     0 0.479
 20 26 26 41.19 50.80 57.04 27568 0.00 0.00 0.00     0 41.09 52.21 51.85 28467     0 0.501
 20 24 24 41.50 52.89 53.46 31104 0.00 0.00 0.00     0 41.46 52.41 52.87 32054     0 0.511
 20 22 22 44.22 54.54 57.36 36168 0.00 0.00 0.00     0 44.14 54.59 57.40 37321     0 0.537
 20 34 34 32.41 43.97 45.48 11464 0.00 0.00 0.00     0 32.25 44.49 44.46 12129     0 0.380
 20 32 32 33.65 46.45 47.49 14552 0.00 0.00 0.00     0 33.54 46.01 46.96 15276     0 0.455
 20 30 30 36.61 48.24 49.05 20944 0.00 0.00 0.00     0 36.47 48.19 49.05 21574     0 0.456
 20 28 28 41.80 50.86 51.52 25792 0.00 0.00 0.00     0 41.76 51.59 52.20 26632     0 0.480
 20 26 26 41.16 50.80 57.04 27552 0.00 0.00 0.00     0 41.09 52.21 51.85 28477     0 0.499
 20 24 24 41.50 52.89 53.39 31112 0.00 0.00 0.00     0 41.45 52.41 52.87 32056     0 0.517
 20 22 22 44.27 54.54 57.36 36200 0.00 0.00 0.00     0 44.14 54.59 57.40 37324     0 0.529
 20 34 34 35.05 38.69 40.60 10376 0.00 0.00 0.00     0 35.01 38.63 40.77 10358     0 0.360
 20 32 32 36.67 40.90 42.16 12640 0.00 0.00 0.00     0 36.66 40.74 42.10 12622     0 0.387
 20 30 30 39.45 43.96 45.01 15880 0.00 0.00 0.00     0 39.43 43.91 45.01 16071     0 0.390
 20 28 28 44.55 51.80 48.20 18528 0.00 0.00 0.00     0 44.75 50.11 49.07 18653     0 0.414
 20 26 26 43.28 46.23 47.40 19912 0.00 0.00 0.00     0 43.37 46.13 47.58 19975     0 0.429
 20 24 24 44.16 46.24 47.29 22408 0.00 0.00 0.00     0 44.07 46.28 47.72 22394     0 0.438
 20 22 22 46.66 49.50 49.34 25416 0.00 0.00 0.00     0 46.60 49.95 49.31 25599     0 0.460
 20 34 34 35.05 38.69 40.60 10400 0.00 0.00 0.00     0 35.01 38.63 40.77 10356     0 0.360
 20 32 32 36.69 40.90 42.16 12608 0.00 0.00 0.00     0 36.65 40.75 42.11 12608     0 0.417
 20 30 30 39.53 43.96 45.01 16024 0.00 0.00 0.00     0 39.44 43.91 45.01 16079     0 0.480
 20 28 28 44.56 51.80 48.20 18512 0.00 0.00 0.00     0 44.77 50.11 49.07 18670     0 0.444
 20 28 28 44.55 51.80 48.20 18528 0.00 0.00 0.00     0 44.75 50.11 49.07 18652     0 0.409
 20 28 28 44.50 51.80 48.20 18232 0.00 0.00 0.00     0 44.75 50.11 49.06 18275     0 0.408
 20 28 28 44.50 51.80 48.20 18232 0.00 0.00 0.00     0 44.75 50.11 49.06 18275     0 0.406
 20 34 34 35.15 38.69 40.60 10392 0.00 0.00 0.00     0 35.13 38.63 40.77 10364     0 0.351
 20 32 32 36.80 40.90 42.16 12648 0.00 0.00 0.00     0 36.81 40.74 42.10 12575     0 0.371
 20 30 30 39.50 43.96 45.11 15624 0.00 0.00 0.00     0 39.49 43.91 45.01 15729     0 0.392
 20 28 28 44.50 51.80 48.20 18232 0.00 0.00 0.00     0 44.75 50.11 49.06 18275     0 0.409
 20 30 30 39.50 43.96 45.11 15624 0.00 0.00 0.00     0 39.49 43.91 45.01 15729     0 0.391
 20 26 26 43.36 46.23 47.40 19616 0.00 0.00 0.00     0 43.43 46.13 47.58 19592     0 0.420
 20 24 24 44.15 46.24 47.29 22056 0.00 0.00 0.00     0 44.15 46.28 47.72 21956     0 0.428
 20 22 22 46.70 49.50 49.34 24992 0.00 0.00 0.00     0 46.62 49.97 49.29 25063     0 0.446
 20 34 34 35.14 38.69 40.60 10392 0.00 0.00 0.00     0 35.13 38.63 40.77 10373     0 0.358
 20 32 32 36.80 40.90 42.16 12640 0.00 0.00 0.00     0 36.82 40.74 42.10 12570     0 0.368
 20 30 30 39.50 43.96 45.11 15632 0.00 0.00 0.00     0 39.49 43.91 45.02 15736     0 0.398
 20 28 28 44.48 51.80 48.20 18232 0.00 0.00 0.00     0 44.74 50.11 49.06 18268     0 0.409
 20 26 26 43.36 46.23 47.40 19632 0.00 0.00 0.00     0 43.43 46.13 47.58 19586     0 0.421
 20 24 24 44.17 46.24 47.29 22048 0.00 0.00 0.00     0 44.15 46.28 47.72 21955     0 0.431
 20 22 22 46.65 49.50 49.34 25008 0.00 0.00 0.00     0 46.62 49.97 49.29 25062     0 0.446
 20 34 34 35.15 38.69 40.60 10408 0.00 0.00 0.00     0 35.13 38.63 40.77 10372     0 0.362
 20 32 32 36.80 40.90 42.16 12640 0.00 0.00 0.00     0 36.81 40.74 42.10 12559     0 0.376
 20 30 30 39.43 43.96 45.11 15632 0.00 0.00 0.00     0 39.48 43.91 45.01 15726     0 0.391
 20 28 28 44.49 51.80 48.20 18240 0.00 0.00 0.00     0 44.74 50.11 49.06 18264     0 0.404
 20 30 30 39.43 43.96 45.11 15632 0.00 0.00 0.00     0 39.48 43.91 45.01 15726     0 0.392
 20 26 26 43.33 46.23 47.40 19632 0.00 0.00 0.00     0 43.43 46.13 47.58 19582     0 0.417
 20 24 24 44.18 46.24 47.29 22056 0.00 0.00 0.00     0 44.16 46.28 47.72 21956     0 0.439
 20 22 22 46.63 49.50 49.34 25008 0.00 0.00 0.00     0 46.62 49.97 49.29 25063     0 0.447
 20 26 26 43.33 46.23 47.40 19632 0.00 0.00 0.00     0 43.43 46.13 47.58 19582     0 0.421
 20 34 34 37.25 45.08 45.37  4904 0.00 0.00 0.00     0 37.44 45.42 45.26  4909     0 0.334
 20 32 32 38.68 47.49 48.21  5904 0.00 0.00 0.00     0 38.75 47.41 48.11  5974     0 0.339
 20 30 30 41.29 49.06 48.81  7888 0.00 0.00 0.00     0 41.45 49.62 49.28  7981     0 0.353
 20 28 28 45.83 54.68 53.12  9584 0.00 0.00 0.00     0 45.94 54.68 54.09  9554     0 0.361
 20 26 26 45.43 54.65 55.58 10208 0.00 0.00 0.00     0 45.34 52.80 53.64 10325     0 0.391
 20 24 24 45.79 54.76 53.91 11488 0.00 0.00 0.00     0 45.85 53.51 53.89 11698     0 0.377
 20 22 22 47.66 58.98 57.44 13264 0.00 0.00 0.00     0 47.79 57.79 57.12 13478     0 0.389
 20 34 34 37.25 45.08 45.37  4920 0.00 0.00 0.00     0 37.44 45.42 45.26  4928     0 0.329
 20 32 32 38.68 47.49 48.21  5896 0.00 0.00 0.00     0 38.73 47.41 48.11  5962     0 0.340
 20 30 30 41.30 49.06 48.81  7888 0.00 0.00 0.00     0 41.44 49.62 49.28  7972     0 0.361
 20 28 28 45.83 54.68 53.12  9584 0.00 0.00 0.00     0 45.91 54.68 54.09  9559     0 0.360
 20 26 26 45.43 54.65 55.58 10208 0.00 0.00 0.00     0 45.34 52.79 53.63 10334     0 0.367
 20 24 24 45.80 54.76 53.91 11488 0.00 0.00 0.00     0 45.84 53.51 53.89 11700     0 0.380
 20 22 22 47.66 58.98 57.44 13248 0.00 0.00 0.00     0 47.78 57.79 57.12 13478     0 0.387
 20 34 34 37.24 45.08 45.37  4896 0.00 0.00 0.00     0 37.43 45.42 45.26  4912     0 0.330
 20 32 32 38.67 47.49 48.21  5896 0.00 0.00 0.00     0 38.73 47.41 48.11  5966     0 0.340
 20 30 30 41.30 49.06 48.81  7888 0.00 0.00 0.00     0 41.46 49.62 49.28  7982     0 0.351
 20 28 28 45.88 54.68 53.12  9568 0.00 0.00 0.00     0 45.92 54.68 54.09  9553     0 0.363
 20 26 26 45.42 54.65 55.58 10216 0.00 0.00 0.00     0 45.35 52.79 53.63 10332     0 0.368
 20 24 24 45.80 54.76 53.91 11496 0.00 0.00 0.00     0 45.83 53.51 53.89 11701     0 0.376
 20 22 22 47.66 58.98 57.44 13256 0.00 0.00 0.00     0 47.79 57.79 57.12 13493     0 0.391
 20 34 34 37.69 38.39 40.81  7016 0.00 0.00 0.00     0 37.71 38.23 40.65  7065     0 0.340
 20 32 32 38.93 39.93 42.58  8536 0.00 0.00 0.00     0 38.91 39.78 42.34  8604     0 0.349
 20 30 30 40.87 44.52 45.79 10624 0.00 0.00 0.00     0 41.03 44.47 45.50 10880     0 0.366
 20 28 28 46.26 50.79 50.89 12432 0.00 0.00 0.00     0 46.79 49.74 50.30 12451     0 0.372
 20 26 26 45.08 46.21 49.15 13384 0.00 0.00 0.00     0 45.07 46.30 48.73 13402     0 0.378
 20 24 24 45.97 45.88 48.31 14912 0.00 0.00 0.00     0 46.03 46.00 48.34 15059     0 0.387
 20 22 22 48.06 48.20 49.50 16944 0.00 0.00 0.00     0 48.05 48.02 49.35 17119     0 0.397
 20 34 34 37.71 38.39 40.81  7024 0.00 0.00 0.00     0 37.72 38.23 40.65  7070     0 0.341
 20 32 32 38.95 39.93 42.58  8560 0.00 0.00 0.00     0 38.92 39.78 42.34  8607     0 0.351
 20 30 30 40.85 44.52 45.79 10632 0.00 0.00 0.00     0 41.04 44.47 45.50 10886     0 0.362
 20 28 28 46.25 50.79 50.89 12440 0.00 0.00 0.00     0 46.79 49.74 50.30 12450     0 0.372
 20 26 26 45.14 46.21 49.15 13400 0.00 0.00 0.00     0 45.08 46.30 48.73 13405     0 0.379
 20 24 24 45.98 45.88 48.31 14920 0.00 0.00 0.00     0 46.03 46.00 48.34 15059     0 0.389
 20 22 22 48.09 48.20 49.50 16968 0.00 0.00 0.00     0 48.06 48.02 49.35 17120     0 0.400
 20 34 34 37.72 38.39 40.81  7032 0.00 0.00 0.00     0 37.72 38.23 40.65  7073     0 0.336
 20 32 32 38.94 39.93 42.58  8560 0.00 0.00 0.00     0 38.92 39.78 42.34  8608     0 0.351
 20 30 30 40.86 44.52 45.79 10632 0.00 0.00 0.00     0 41.03 44.46 45.49 10883     0 0.363
 20 28 28 46.26 50.79 50.89 12448 0.00 0.00 0.00     0 46.80 49.74 50.30 12452     0 0.371
 20 26 26 45.07 46.21 49.15 13392 0.00 0.00 0.00     0 45.07 46.30 48.73 13402     0 0.383
 20 24 24 45.98 45.88 48.31 14920 0.00 0.00 0.00     0 46.02 46.00 48.34 15057     0 0.391
 20 22 22 48.05 48.20 49.50 16952 0.00 0.00 0.00     0 48.06 48.02 49.35 17122     0 0.398
 20 34 34 34.49 38.98 39.74  9504 0.00 0.00 0.00     0 34.49 38.86 39.72  9585     0 0.353
 20 32 32 35.94 40.47 41.03 12128 0.00 0.00 0.00     0 35.82 40.71 41.34 12152     0 0.371
 20 30 30 38.65 44.05 44.39 16536 0.00 0.00 0.00     0 38.51 44.03 44.57 16444     0 0.395
 20 28 28 42.93 48.42 47.81 19568 0.00 0.00 0.00     0 43.12 48.29 47.80 19562     0 0.418
 20 26 26 43.06 46.72 48.38 21160 0.00 0.00 0.00     0 42.98 46.74 47.82 21164     0 0.429
 20 24 24 43.48 46.74 47.26 23856 0.00 0.00 0.00     0 43.41 46.41 47.36 23846     0 0.441
 20 22 22 45.54 48.59 48.84 27784 0.00 0.00 0.00     0 45.62 48.67 49.01 27793     0 0.457
 20 34 34 34.49 38.98 39.74  9512 0.00 0.00 0.00     0 34.49 38.86 39.72  9584     0 0.351
 20 32 32 35.92 40.44 41.05 12104 0.00 0.00 0.00     0 35.83 40.71 41.34 12162     0 0.370
 20 30 30 38.59 44.05 44.39 16496 0.00 0.00 0.00     0 38.50 44.03 44.57 16438     0 0.396
 20 28 28 42.96 48.42 47.81 19584 0.00 0.00 0.00     0 43.16 48.31 47.81 19573     0 0.414
 20 26 26 43.03 46.72 48.38 21136 0.00 0.00 0.00     0 42.98 46.74 47.82 21156     0 0.430
 20 24 24 43.47 46.74 47.26 23864 0.00 0.00 0.00     0 43.41 46.41 47.36 23848     0 0.442
 20 22 22 45.55 48.59 48.84 27784 0.00 0.00 0.00     0 45.63 48.67 49.01 27791     0 0.463
 20 34 34 34.52 38.98 39.74  9552 0.00 0.00 0.00     0 34.48 38.86 39.72  9569     0 0.354
 20 32 32 35.91 40.44 41.05 12104 0.00 0.00 0.00     0 35.83 40.71 41.34 12148     0 0.374
 20 30 30 38.61 44.05 44.39 16488 0.00 0.00 0.00     0 38.50 44.03 44.57 16435     0 0.395
 20 28 28 42.93 48.42 47.81 19576 0.00 0.00 0.00     0 43.15 48.29 47.80 19564     0 0.419
 20 26 26 43.04 46.72 48.38 21144 0.00 0.00 0.00     0 42.98 46.74 47.82 21161     0 0.429
 20 24 24 43.49 46.74 47.26 23840 0.00 0.00 0.00     0 43.40 46.41 47.36 23840     0 0.445
 20 22 22 45.55 48.59 48.84 27792 0.00 0.00 0.00     0 45.63 48.67 49.01 27788     0 0.454
 20 34 34 35.22 42.54 42.67  7472 0.00 0.00 0.00     0 35.29 42.66 42.72  7551     0 0.346
 20 32 32 36.84 43.39 44.52  9488 0.00 0.00 0.00     0 36.82 43.83 44.09  9373     0 0.366
 20 30 30 39.32 45.19 46.62 12184 0.00 0.00 0.00     0 39.37 45.45 46.74 12178     0 0.384
 20 28 28 43.63 47.24 48.34 14744 0.00 0.00 0.00     0 43.84 48.21 49.81 14653     0 0.395
 20 26 26 43.54 47.83 49.60 16288 0.00 0.00 0.00     0 43.60 48.50 50.06 15942     0 0.412
 20 24 24 44.16 48.67 49.10 18416 0.00 0.00 0.00     0 44.13 48.87 49.49 18048     0 0.421
 20 22 22 45.89 49.47 51.12 21304 0.00 0.00 0.00     0 45.97 49.85 50.99 20928     0 0.438
 20 34 34 35.26 42.54 42.67  7544 0.00 0.00 0.00     0 35.28 42.66 42.72  7539     0 0.352
 20 32 32 36.85 43.39 44.52  9472 0.00 0.00 0.00     0 36.81 43.82 44.09  9373     0 0.370
 20 30 30 39.33 45.19 46.62 12184 0.00 0.00 0.00     0 39.37 45.45 46.74 12175     0 0.381
 20 28 28 43.71 47.24 48.34 14752 0.00 0.00 0.00     0 43.82 48.21 49.81 14640     0 0.405
 20 26 26 43.54 47.83 49.60 16296 0.00 0.00 0.00     0 43.60 48.50 50.06 15945     0 0.410
 20 24 24 44.13 48.67 49.10 18368 0.00 0.00 0.00     0 44.12 48.87 49.49 18034     0 0.421
 20 22 22 45.91 49.47 51.12 21296 0.00 0.00 0.00     0 45.96 49.85 50.99 20928     0 0.438
 20 34 34 35.24 42.54 42.67  7528 0.00 0.00 0.00     0 35.29 42.66 42.71  7540     0 0.346
 20 32 32 36.85 43.39 44.52  9512 0.00 0.00 0.00     0 36.81 43.82 44.09  9362     0 0.361
 20 30 30 39.29 45.19 46.62 12136 0.00 0.00 0.00     0 39.37 45.45 46.74 12159     0 0.380
 20 28 28 43.66 47.24 48.34 14752 0.00 0.00 0.00     0 43.82 48.21 49.81 14637     0 0.398
 20 26 26 43.56 47.83 49.60 16272 0.00 0.00 0.00     0 43.60 48.50 50.06 15929     0 0.406
 20 24 24 44.16 48.67 49.10 18400 0.00 0.00 0.00     0 44.13 48.87 49.49 18031     0 0.423
 20 22 22 45.90 49.47 51.12 21280 0.00 0.00 0.00     0 45.96 49.85 50.99 20921     0 0.434
 20 34 34 34.03 42.27 42.34 11416 0.00 0.00 0.00     0 33.86 41.83 42.10 12015     0 0.384
 20 32 32 35.62 43.95 43.86 13984 0.00 0.00 0.00     0 35.46 43.26 43.40 14638     0 0.396
 20 30 30 38.49 46.04 45.92 17888 0.00 0.00 0.00     0 38.24 45.74 45.74 18655     0 0.417
 20 28 28 43.62 48.83 50.18 20752 0.00 0.00 0.00     0 43.75 48.67 50.17 21725     0 0.433
 20 26 26 42.25 49.48 48.00 22232 0.00 0.00 0.00     0 42.20 48.89 48.30 23224     0 0.447
 20 24 24 42.95 49.24 49.50 24960 0.00 0.00 0.00     0 42.80 48.75 49.20 26171     0 0.462
 20 22 22 45.54 51.13 52.17 28840 0.00 0.00 0.00     0 45.62 50.66 51.45 29965     0 0.479
 20 34 34 34.03 42.43 42.48 11496 0.00 0.00 0.00     0 33.86 41.83 42.11 12022     0 0.384
 20 32 32 35.62 43.95 43.86 13984 0.00 0.00 0.00     0 35.46 43.28 43.40 14636     0 0.396
 20 30 30 38.50 46.04 45.92 17896 0.00 0.00 0.00     0 38.26 45.74 45.73 18672     0 0.418
 20 28 28 43.65 48.83 50.18 20720 0.00 0.00 0.00     0 43.77 48.67 50.17 21721     0 0.436
 20 26 26 42.25 49.48 48.00 22248 0.00 0.00 0.00     0 42.19 48.89 48.30 23222     0 0.448
 20 24 24 42.96 49.24 49.50 24968 0.00 0.00 0.00     0 42.80 48.75 49.20 26173     0 0.460
 20 22 22 45.54 51.13 52.17 28840 0.00 0.00 0.00     0 45.62 50.66 51.45 29970     0 0.481
 20 34 34 34.03 42.27 42.34 11432 0.00 0.00 0.00     0 33.86 41.83 42.11 12012     0 0.378
 20 32 32 35.56 43.95 43.86 13992 0.00 0.00 0.00     0 35.45 43.26 43.40 14652     0 0.396
 20 30 30 38.52 46.04 45.92 17944 0.00 0.00 0.00     0 38.24 45.75 45.75 18655     0 0.417
 20 28 28 43.67 48.83 50.18 20768 0.00 0.00 0.00     0 43.76 48.67 50.17 21719     0 0.435
 20 26 26 42.25 49.48 48.00 22256 0.00 0.00 0.00     0 42.19 48.89 48.30 23213     0 0.446
 20 24 24 42.95 49.24 49.50 24976 0.00 0.00 0.00     0 42.80 48.75 49.20 26173     0 0.463
 20 22 22 45.53 51.13 52.17 28848 0.00 0.00 0.00     0 45.62 50.66 51.45 29966     0 0.481
 20 34 34 34.26 39.74 44.71 12152 0.00 0.00 0.00     0 34.19 40.09 44.14 12392     0 0.386
 20 32 32 35.85 41.40 45.94 14368 0.00 0.00 0.00     0 35.85 41.42 45.14 14766     0 0.401
 20 30 30 38.60 43.18 47.21 18072 0.00 0.00 0.00     0 38.64 43.63 46.52 18300     0 0.424
 20 28 28 46.00 46.33 50.91 21200 0.00 0.00 0.00     0 45.49 46.04 49.04 21287     0 0.433
 20 26 26 42.61 49.12 52.54 22744 0.00 0.00 0.00     0 42.49 48.34 50.65 22900     0 0.447
 20 24 24 43.30 47.78 50.51 25456 0.00 0.00 0.00     0 43.34 47.69 50.29 25775     0 0.458
 20 22 22 46.47 48.63 52.41 28632 0.00 0.00 0.00     0 46.37 48.76 52.00 28994     0 0.470
 20 34 34 34.28 39.74 44.71 12192 0.00 0.00 0.00     0 34.19 40.10 44.14 12398     0 0.383
 20 32 32 35.84 41.40 45.94 14424 0.00 0.00 0.00     0 35.85 41.42 45.14 14780     0 0.403
 20 30 30 38.56 43.21 47.21 18056 0.00 0.00 0.00     0 38.64 43.64 46.51 18295     0 0.420
 20 28 28 45.92 46.33 50.91 21216 0.00 0.00 0.00     0 45.49 46.04 49.04 21288     0 0.434
 20 26 26 42.63 49.12 52.54 22784 0.00 0.00 0.00     0 42.48 48.34 50.65 22904     0 0.449
 20 24 24 43.34 47.78 50.51 25488 0.00 0.00 0.00     0 43.34 47.69 50.29 25770     0 0.458
 20 22 22 46.45 48.63 52.41 28672 0.00 0.00 0.00     0 46.38 48.76 52.00 28996     0 0.486
 20 34 34 34.27 39.74 44.71 12192 0.00 0.00 0.00     0 34.20 40.09 44.14 12398     0 0.381
 20 32 32 35.81 41.40 45.94 14416 0.00 0.00 0.00     0 35.87 41.42 45.14 14798     0 0.399
 20 30 30 38.61 43.18 47.21 18080 0.00 0.00 0.00     0 38.65 43.64 46.51 18308     0 0.422
 20 28 28 45.92 46.33 50.91 21208 0.00 0.00 0.00     0 45.51 46.04 49.04 21295     0 0.436
 20 26 26 42.60 49.12 52.54 22768 0.00 0.00 0.00     0 42.50 48.34 50.65 22903     0 0.449
 20 24 24 43.26 47.78 50.51 25440 0.00 0.00 0.00     0 43.33 47.69 50.29 25767     0 0.460
 20 22 22 46.50 48.63 52.41 28680 0.00 0.00 0.00     0 46.38 48.76 52.00 28990     0 0.474
 20 34 34 34.30 40.45 40.48 12016 0.00 0.00 0.00     0 34.66 40.41 40.99 11269     0 0.503
 20 32 32 35.82 42.27 42.71 14392 0.00 0.00 0.00     0 36.17 42.32 42.80 13582     0 0.539
 20 30 30 38.28 44.78 45.95 18064 0.00 0.00 0.00     0 38.84 44.65 45.47 17072     0 0.594
 20 28 28 44.67 49.41 48.28 21488 0.00 0.00 0.00     0 44.41 48.02 47.49 19894     0 0.606
 20 26 26 42.45 48.27 48.86 22864 0.00 0.00 0.00     0 42.82 48.20 48.94 21396     0 0.621
 20 24 24 43.15 48.10 47.21 25704 0.00 0.00 0.00     0 43.51 48.01 48.04 24060     0 0.670
 20 22 22 45.73 49.98 50.33 29176 0.00 0.00 0.00     0 46.08 49.54 50.51 27354     0 0.657
 20 34 34 34.32 40.45 40.48 12048 0.00 0.00 0.00     0 34.66 40.41 40.99 11270     0 0.535
 20 32 32 35.80 42.27 42.71 14424 0.00 0.00 0.00     0 36.18 42.32 42.80 13580     0 0.558
 20 30 30 38.29 44.78 45.95 18088 0.00 0.00 0.00     0 38.84 44.66 45.48 17077     0 0.614
 20 28 28 44.55 49.41 48.28 21472 0.00 0.00 0.00     0 44.43 48.02 47.49 19892     0 0.604
 20 26 26 42.49 48.27 48.86 22872 0.00 0.00 0.00     0 42.83 48.20 48.96 21398     0 0.617
 20 24 24 43.20 48.10 47.21 25704 0.00 0.00 0.00     0 43.51 48.01 48.04 24046     0 0.654
 20 22 22 45.76 49.98 50.33 29160 0.00 0.00 0.00     0 46.09 49.54 50.51 27351     0 0.703
 20 34 34 34.32 40.45 40.48 12064 0.00 0.00 0.00     0 34.66 40.42 41.00 11258     0 0.536
 20 32 32 35.78 42.27 42.71 14304 0.00 0.00 0.00     0 36.16 42.32 42.80 13564     0 0.566
 20 30 30 38.24 44.78 45.95 18056 0.00 0.00 0.00     0 38.84 44.66 45.49 17064     0 0.589
 20 28 28 44.63 49.41 48.28 21480 0.00 0.00 0.00     0 44.43 48.02 47.49 19885     0 0.661
 20 26 26 42.48 48.27 48.86 22888 0.00 0.00 0.00     0 42.83 48.20 48.94 21393     0 0.535
 20 24 24 43.20 48.10 47.21 25704 0.00 0.00 0.00     0 43.51 48.01 48.04 24051     0 0.463
 20 22 22 45.72 49.98 50.33 29152 0.00 0.00 0.00     0 46.08 49.54 50.51 27342     0 0.475
 20 34 34 32.54 43.18 42.91 12584 0.00 0.00 0.00     0 32.53 42.84 43.64 12468     0 0.460
 20 32 32 33.82 44.23 43.90 15960 0.00 0.00 0.00     0 33.79 44.50 44.86 15760     0 0.533
 20 30 30 37.04 46.03 45.78 22744 0.00 0.00 0.00     0 37.07 46.15 46.49 22665     0 0.520
 20 28 28 42.91 50.03 47.57 26912 0.00 0.00 0.00     0 43.10 48.40 48.65 26843     0 0.760
 20 26 26 41.50 49.97 48.85 28296 0.00 0.00 0.00     0 41.52 50.45 50.29 28427     0 0.564
 20 24 24 41.87 50.24 49.66 31688 0.00 0.00 0.00     0 41.82 50.29 50.64 31677     0 0.636
 20 24 24 41.87 50.24 49.66 31688 0.00 0.00 0.00     0 41.82 50.29 50.64 31677     0 0.514
 20 26 26 41.50 49.97 48.85 28296 0.00 0.00 0.00     0 41.52 50.45 50.29 28427     0 0.516
 20 28 28 42.91 50.03 47.57 26912 0.00 0.00 0.00     0 43.10 48.40 48.65 26843     0 0.547
 20 22 22 45.37 52.06 51.75 36472 0.00 0.00 0.00     0 45.24 51.59 52.55 36530     0 0.575
 20 34 34 32.54 43.18 42.83 12552 0.00 0.00 0.00     0 32.53 42.85 43.63 12488     0 0.413
 20 32 32 33.79 44.23 43.90 15888 0.00 0.00 0.00     0 33.80 44.52 44.85 15792     0 0.446
 20 30 30 37.06 46.03 45.78 22728 0.00 0.00 0.00     0 37.05 46.16 46.45 22625     0 0.510
 20 28 28 43.10 50.14 47.67 26960 0.00 0.00 0.00     0 43.09 48.41 48.66 26836     0 0.491
 20 26 26 41.48 49.97 48.85 28304 0.00 0.00 0.00     0 41.52 50.45 50.28 28436     0 0.514
 20 24 24 41.84 50.24 49.66 31616 0.00 0.00 0.00     0 41.82 50.29 50.63 31680     0 0.520
 20 22 22 45.31 52.06 51.75 36464 0.00 0.00 0.00     0 45.24 51.59 52.55 36524     0 0.540
 20 34 34 32.52 43.18 42.83 12640 0.00 0.00 0.00     0 32.52 42.85 43.64 12472     0 0.405
 20 32 32 33.78 44.23 43.90 15888 0.00 0.00 0.00     0 33.79 44.51 44.84 15740     0 0.421
 20 30 30 37.01 46.03 45.78 22680 0.00 0.00 0.00     0 37.07 46.15 46.48 22664     0 0.484
 20 28 28 43.17 50.14 47.67 26976 0.00 0.00 0.00     0 43.08 48.41 48.66 26837     0 0.492
 20 26 26 41.47 49.97 48.85 28288 0.00 0.00 0.00     0 41.52 50.45 50.28 28428     0 0.501
 20 24 24 41.82 50.24 49.66 31624 0.00 0.00 0.00     0 41.82 50.28 50.64 31674     0 0.515
 20 22 22 45.43 52.06 51.75 36520 0.00 0.00 0.00     0 45.24 51.59 52.55 36530     0 0.534
 20 34 34 32.42 40.69 41.49 13496 0.00 0.00 0.00     0 32.57 40.68 41.13 13401     0 0.443
 20 32 32 33.90 42.18 42.40 16800 0.00 0.00 0.00     0 34.04 41.98 42.26 16784     0 0.431
 20 30 30 37.07 44.41 44.65 22856 0.00 0.00 0.00     0 37.06 43.93 44.87 22602     0 0.489
 20 28 28 43.01 47.31 47.08 27520 0.00 0.00 0.00     0 42.92 46.50 47.29 27132     0 0.590
 20 26 26 41.52 47.32 48.75 29512 0.00 0.00 0.00     0 41.52 47.98 48.48 29108     0 0.548
 20 24 24 41.88 47.97 48.38 33272 0.00 0.00 0.00     0 41.84 47.68 48.18 32783     0 0.536
 20 22 22 44.91 48.29 49.29 38512 0.00 0.00 0.00     0 44.82 48.49 49.16 37924     0 0.562
 20 34 34 32.43 40.69 41.49 13480 0.00 0.00 0.00     0 32.58 40.70 41.13 13406     0 0.466
 20 32 32 33.92 42.18 42.40 16896 0.00 0.00 0.00     0 34.04 41.98 42.26 16798     0 0.501
 20 30 30 37.12 44.41 44.60 22856 0.00 0.00 0.00     0 37.07 43.93 44.86 22591     0 0.510
 20 28 28 42.99 47.31 47.08 27520 0.00 0.00 0.00     0 42.92 46.52 47.29 27130     0 0.562
 20 26 26 41.52 47.32 48.75 29528 0.00 0.00 0.00     0 41.52 47.98 48.48 29108     0 0.604
 20 24 24 41.88 47.97 48.38 33296 0.00 0.00 0.00     0 41.84 47.68 48.18 32779     0 0.616
 20 22 22 44.91 48.29 49.29 38520 0.00 0.00 0.00     0 44.83 48.49 49.16 37922     0 0.766
 20 34 34 32.43 40.69 41.49 13480 0.00 0.00 0.00     0 32.58 40.69 41.12 13401     0 0.402
 20 32 32 33.92 42.18 42.40 16856 0.00 0.00 0.00     0 34.03 41.99 42.26 16769     0 0.430
 20 30 30 37.07 44.41 44.65 22880 0.00 0.00 0.00     0 37.07 43.93 44.87 22596     0 0.484
 20 28 28 42.99 47.31 47.08 27520 0.00 0.00 0.00     0 42.94 46.52 47.29 27130     0 0.575
 20 26 26 41.52 47.32 48.75 29504 0.00 0.00 0.00     0 41.51 47.98 48.48 29110     0 0.502
 20 24 24 41.89 47.97 48.38 33288 0.00 0.00 0.00     0 41.84 47.68 48.18 32774     0 0.521
 20 22 22 44.92 48.29 49.29 38536 0.00 0.00 0.00     0 44.83 48.49 49.16 37926     0 0.544
 20 28 28 42.99 47.31 47.08 27520 0.00 0.00 0.00     0 42.94 46.52 47.29 27130     0 0.489
 20 28 28 42.99 47.31 47.08 27520 0.00 0.00 0.00     0 42.94 46.52 47.29 27130     0 0.507
 20 28 28 44.63 49.41 48.28 21480 0.00 0.00 0.00     0 44.43 48.02 47.49 19885     0 0.498
 20 28 28 44.49 51.80 48.20 18240 0.00 0.00 0.00     0 44.74 50.11 49.06 18264     0 0.483
 20 28 28 46.29 47.43 48.46 24024 0.00 0.00 0.00     0 45.60 48.00 49.10 24171     0 0.530
 20 28 28 38.96 41.09 42.09 19048 0.00 0.00 0.00     0 38.95 41.14 42.00 19080     0 0.419
 20 28 28 37.39 40.98 40.92 25144 0.00 0.00 0.00     0 37.31 41.22 41.01 25154     0 0.458
 20 28 28 37.71 40.16 40.82 27720 0.00 0.00 0.00     0 37.74 40.35 40.99 27491     0 0.476
 20 28 28 35.05 36.68 36.42 66720 0.00 0.00 0.00     0 35.02 36.81 36.40 66710     0 0.655
 20 28 28 35.53 44.48 45.73 27776 0.00 0.00 0.00     0 35.47 44.24 45.43 28616     0 0.503
 20 28 28 38.62 38.77 39.63 10456 0.00 0.00 0.00     0 38.55 38.73 39.55 10584     0 0.375
 20 28 28 40.93 40.65 42.46 12984 0.00 0.00 0.00     0 40.82 40.30 42.57 13063     0 0.380
 20 28 28 37.26 40.07 40.44 21048 0.00 0.00 0.00     0 37.30 40.14 40.44 21176     0 0.472
 20 28 28 38.26 41.61 42.33 16280 0.00 0.00 0.00     0 38.26 41.42 42.30 15943     0 0.450
 20 28 28 37.38 41.26 42.85 21952 0.00 0.00 0.00     0 37.20 41.17 42.84 22834     0 0.474
 20 28 28 38.28 40.07 41.57 21840 0.00 0.00 0.00     0 38.31 40.09 41.53 22126     0 0.487
 20 28 28 37.75 40.69 41.86 22368 0.00 0.00 0.00     0 38.20 40.76 41.63 20850     0 0.470
 20 28 28 37.75 40.69 41.86 22368 0.00 0.00 0.00     0 38.20 40.76 41.63 20850     0 0.483
 20 28 28 35.84 37.29 38.07 28416 0.00 0.00 0.00     0 35.84 37.43 38.13 28312     0 0.539
 20 28 28 36.35 39.78 40.41 29112 0.00 0.00 0.00     0 36.35 39.76 40.42 28670     0 0.521
 20 28 28 35.05 36.68 36.42 66720 0.00 0.00 0.00     0 35.02 36.81 36.40 66710     0 0.650
 20 28 28 46.25 47.43 48.46 24000 0.00 0.00 0.00     0 45.56 48.00 49.10 24164     0 0.473
 20 28 28 45.37 50.81 48.21 26904 0.00 0.00 0.00     0 45.11 50.25 46.87 26712     0 0.464
 20 28 28 45.85 49.57 49.57 66288 0.00 0.00 0.00     0 44.78 48.29 48.99 66195     0 0.738
 20 28 28 41.96 50.86 51.52 25864 0.00 0.00 0.00     0 41.76 51.59 52.20 26639     0 0.503
 20 28 28 44.79 50.81 48.21 28624 0.00 0.00 0.00     0 45.23 50.23 46.88 28515     0 0.552
 20 28 28 45.88 47.43 48.46 25040 0.00 0.00 0.00     0 45.57 48.00 49.11 25161     0 0.448
 20 28 28 45.49 49.57 49.57 67616 0.00 0.00 0.00     0 44.89 48.29 48.99 67311     0 0.665
 20 28 28 45.49 49.57 49.57 67616 0.00 0.00 0.00     0 44.89 48.29 48.99 67311     0 0.681
 20 28 28 42.01 50.86 51.52 27952 0.00 0.00 0.00     0 41.87 51.59 52.20 28822     0 0.490
 20 28 28 42.15 50.86 51.52 28296 0.00 0.00 0.00     0 41.95 51.59 52.20 28979     0 0.514
 20 28 28 45.65 49.57 49.57 67512 0.00 0.00 0.00     0 44.88 48.29 48.99 67382     0 0.677
 20 28 28 44.89 50.81 48.21 28712 0.00 0.00 0.00     0 45.20 50.25 46.88 28601     0 0.512
 20 28 28 46.01 47.43 48.46 25248 0.00 0.00 0.00     0 45.57 48.00 49.09 25213     0 0.449
 20 28 28 45.65 49.57 49.57 67512 0.00 0.00 0.00     0 44.95 48.29 48.99 67390     0 0.635
 20 28 28 45.65 49.57 49.57 67512 0.00 0.00 0.00     0 44.95 48.29 48.99 67385     0 0.655
 20 28 28 45.49 49.57 49.57 67616 0.00 0.00 0.00     0 44.96 48.29 48.99 67345     0 0.706
 20 28 28 35.05 36.68 36.42 66720 0.00 0.00 0.00     0 35.02 36.81 36.40 66710     0 0.712
 20 28 28 45.49 49.57 49.57 67616 0.00 0.00 0.00     0 44.96 48.29 48.99 67345     0 0.709
 40 28 28 37.40 41.05 40.84 25736 0.00 0.00 0.00     0 37.29 41.18 40.98 25872     0 0.475
 40 28 28 37.68 40.21 40.78 28688 0.00 0.00 0.00     0 37.74 40.28 40.95 28607     0 0.392
 40 28 28 37.69 40.22 40.80 30320 0.00 0.00 0.00     0 37.72 40.27 40.95 30161     0 0.308
 40 28 28 37.72 40.15 40.66 32592 0.00 0.00 0.00     0 37.71 40.25 40.84 32385     0 0.280
 40 28 28 37.33 41.27 40.92 32056 0.00 0.00 0.00     0 37.26 41.32 41.05 32127     0 0.272
 40 28 28 37.40 41.05 40.84 25736 0.00 0.00 0.00     0 37.29 41.18 40.98 25872     0 0.390
 40 28 28 37.33 41.27 40.92 32056 0.00 0.00 0.00     0 37.26 41.32 41.05 32127     0 0.278
 40 28 28 37.40 41.05 40.84 25736 0.00 0.00 0.00     0 37.29 41.18 40.98 25872     0 0.388
 40 28 28 37.33 41.27 40.92 32056 0.00 0.00 0.00     0 37.26 41.32 41.05 32127     0 0.298
 40 28 28 37.73 40.17 40.84 28864 0.00 0.00 0.00     0 37.73 40.26 40.95 28615     0 0.396
 40 28 28 37.40 41.02 40.83 25864 0.00 0.00 0.00     0 37.28 41.21 40.98 25918     0 0.429
 40 28 28 35.00 36.64 36.37 69200 0.00 0.00 0.00     0 34.98 36.79 36.36 68824     0 0.364
 40 28 28 35.00 36.64 36.37 69200 0.00 0.00 0.00     0 34.98 36.79 36.36 68824     0 0.356
 40 28 28 35.48 44.29 46.01 28280 0.00 0.00 0.00     0 35.40 44.08 45.32 30339     0 0.420
 40 28 28 35.00 36.64 36.37 69200 0.00 0.00 0.00     0 34.98 36.79 36.36 68824     0 0.361
 40 28 28 35.00 36.64 36.37 69200 0.00 0.00 0.00     0 34.98 36.79 36.36 68824     0 0.357
 40 28 28 35.48 44.29 46.01 28280 0.00 0.00 0.00     0 35.40 44.08 45.32 30339     0 0.448
 40 28 28 35.00 36.61 36.37 69536 0.00 0.00 0.00     0 34.98 36.79 36.36 68876     0 0.381
 40 28 28 37.40 41.05 40.84 25736 0.00 0.00 0.00     0 37.29 41.18 40.98 25872     0 0.437
 40 28 28 37.40 41.05 40.84 25736 0.00 0.00 0.00     0 37.29 41.18 40.98 25872     0 0.425
 40 28 28 37.40 41.02 40.83 25864 0.00 0.00 0.00     0 37.28 41.21 40.98 25918     0 0.431
 40 28 28 37.40 41.02 40.83 25864 0.00 0.00 0.00     0 37.28 41.21 40.98 25918     0 0.423
 40 28 28 37.40 41.05 40.84 25736 0.00 0.00 0.00     0 37.29 41.18 40.98 25872     0 0.428
 40 28 28 37.40 41.05 40.84 25736 0.00 0.00 0.00     0 37.29 41.18 40.98 25872     0 0.430
 30 28 28 37.40 41.02 40.83 25856 0.00 0.00 0.00     0 37.28 41.24 40.98 25904     0 0.419
 30 28 28 37.73 40.17 40.84 28856 0.00 0.00 0.00     0 37.73 40.31 40.96 28652     0 0.417
 30 28 28 37.73 40.17 40.84 28856 0.00 0.00 0.00     0 37.73 40.31 40.96 28652     0 0.406
 30 28 28 35.00 36.64 36.37 69160 0.00 0.00 0.00     0 34.96 36.81 36.37 68874     0 0.403
 20 28 28 35.00 36.64 36.37 69160 0.00 0.00 0.00     0 34.94 36.78 36.40 69078     0 0.395
 30 28 28 35.48 44.29 46.01 28256 0.00 0.00 0.00     0 35.44 44.16 45.46 29760     0 0.467
 30 28 28 35.00 36.64 36.37 69160 0.00 0.00 0.00     0 34.96 36.81 36.37 68874     0 0.425
 30 28 28 35.00 36.63 36.37 69704 0.00 0.00 0.00     0 34.96 36.81 36.37 69342     0 0.381
 30 28 28 35.00 36.63 36.37 69704 0.00 0.00 0.00     0 34.96 36.81 36.37 69342     0 0.388
 30 28 28 35.00 36.61 36.37 69512 0.00 0.00 0.00     0 34.96 36.81 36.38 68946     0 0.414
 40 28 28 37.39 40.98 40.92 25144 0.00 0.00 0.00     0 37.29 41.20 41.00 25181     0 0.504
 30 28 28 37.39 40.98 40.92 25144 0.00 0.00 0.00     0 37.30 41.23 41.00 25158     0 0.491
 30 28 28 37.71 40.16 40.82 27720 0.00 0.00 0.00     0 37.75 40.32 40.98 27428     0 0.504
 30 28 28 37.71 40.16 40.82 27720 0.00 0.00 0.00     0 37.75 40.32 40.98 27428     0 0.499
 30 28 28 35.05 36.68 36.42 66720 0.00 0.00 0.00     0 35.04 36.84 36.37 66564     0 0.739
 30 28 28 35.53 44.48 45.73 27776 0.00 0.00 0.00     0 35.45 44.16 45.24 29187     0 0.522
 30 28 28 37.39 40.98 40.92 25144 0.00 0.00 0.00     0 37.30 41.23 41.00 25158     0 0.476
 30 28 28 37.39 40.98 40.92 25144 0.00 0.00 0.00     0 37.30 41.23 41.00 25158     0 0.504
 30 28 28 37.71 40.16 40.82 27720 0.00 0.00 0.00     0 37.75 40.32 40.98 27428     0 0.518
 30 28 28 37.39 40.98 40.92 25144 0.00 0.00 0.00     0 37.30 41.23 41.00 25158     0 0.475
 30 28 28 37.71 40.16 40.82 27720 0.00 0.00 0.00     0 37.75 40.32 40.98 27428     0 0.489
 30 28 28 37.71 40.16 40.82 27720 0.00 0.00 0.00     0 37.75 40.32 40.98 27428     0 0.489
 30 28 28 35.05 36.68 36.42 66720 0.00 0.00 0.00     0 35.04 36.84 36.37 66564     0 0.666
 30 28 28 35.53 44.48 45.73 27776 0.00 0.00 0.00     0 35.45 44.16 45.24 29187     0 0.516
100 28 28 37.39 40.98 40.92 25152 0.00 0.00 0.00     0 37.26 41.21 40.93 25312     0 0.489
100 28 28 37.39 40.98 40.92 25152 0.00 0.00 0.00     0 37.26 41.21 40.93 25312     0 0.507
100 28 28 38.96 41.09 42.09 19048 0.00 0.00 0.00     0 39.00 41.04 41.94 18913     0 0.435
 30 28 28 38.96 41.09 42.09 19048 0.00 0.00 0.00     0 38.94 41.09 41.96 19064     0 0.499
 30 28 28 37.39 40.98 40.92 25144 0.00 0.00 0.00     0 37.30 41.23 41.00 25158     0 0.540
 30 28 28 35.05 36.68 36.42 66720 0.00 0.00 0.00     0 35.04 36.84 36.37 66564     0 0.728
  7 30 30 32.60 32.57 32.66 180824 0.00 0.00 0.00     0 32.66 32.61 32.60 206365     0 1.121
  7 30 30 32.60 32.57 32.66 180832 0.00 0.00 0.00     0 32.66 32.61 32.60 206372     0 1.097
100 30 30 38.38 44.23 45.18 21152 0.00 0.00 0.00     0 38.25 44.48 45.12 20784     0 0.500
100 30 30 38.40 44.23 45.18 21128 0.00 0.00 0.00     0 38.25 44.48 45.12 20784     0 0.454
100 30 30 38.25 44.23 45.18 21296 0.00 0.00 0.00     0 38.25 44.48 45.12 20804     0 0.450
100 29 29 40.09 44.39 44.94 22960 0.00 0.00 0.00     0 40.10 44.56 45.33 22376     0 0.467
100 27 27 42.90 48.29 48.26 25440 0.00 0.00 0.00     0 42.87 47.85 48.07 24735     0 0.458
100 27 27 42.90 48.29 48.26 25440 0.00 0.00 0.00     0 42.87 47.85 48.07 24735     0 0.526
100 28 28 46.20 47.43 48.46 24760 0.00 0.00 0.00     0 45.78 48.39 49.10 24187     0 0.648
100 27 27 42.85 48.29 48.50 25400 0.00 0.00 0.00     0 42.87 47.85 48.07 24735     0 0.519
100 27 27 42.85 48.29 48.50 25400 0.00 0.00 0.00     0 42.84 47.85 48.07 25330     0 0.645
100 28 28 46.42 47.43 48.46 24848 0.00 0.00 0.00     0 45.74 48.39 49.11 24784     0 0.452
100 27 27 42.85 48.29 48.50 25400 0.00 0.00 0.00     0 42.87 47.85 48.07 24796     0 0.568
100 27 27 42.85 48.29 48.50 25400 0.00 0.00 0.00     0 42.87 47.85 48.07 24796     0 0.430
100 27 27 42.99 48.29 48.26 25392 0.00 0.00 0.00     0 42.87 47.85 48.07 24750     0 0.436
100 27 27 42.99 48.29 48.26 25392 0.00 0.00 0.00     0 42.87 47.85 48.07 24750     0 0.427
100 27 27 42.99 48.29 48.26 25392 0.00 0.00 0.00     0 42.87 47.85 48.07 24750     0 0.268
100 27 27 42.94 48.29 48.26 25360 0.00 0.00 0.00     0 42.87 47.85 48.07 24748     0 0.536
100 27 27 42.94 48.29 48.26 25360 0.00 0.00 0.00     0 42.87 47.85 48.07 24818     0 0.238
100 28 28 46.31 47.43 48.46 24784 0.00 0.00 0.00     0 45.79 48.39 49.10 24180     0 0.240
  1 20 20 43.45 45.54 45.60 164000 0.00 0.00 0.00     0 43.45 45.54 45.60 164000     0 1.410
  1 22 20 42.08 44.34 44.37 138064 0.00 0.00 0.00     0 42.08 44.34 44.37 138064     0 1.344
  1 24 20 40.54 42.96 43.18 113000 0.00 0.00 0.00     0 40.54 42.96 43.18 113000     0 1.246
  1 26 20 39.08 41.85 41.65 92760 0.00 0.00 0.00     0 39.08 41.85 41.65 92760     0 1.243
  1 28 20 37.75 40.71 40.37 76456 0.00 0.00 0.00     0 37.75 40.71 40.37 76456     0 1.091
  1 30 20 36.47 39.92 39.81 62424 0.00 0.00 0.00     0 36.47 39.92 39.81 62424     0 1.036
  1 32 20 35.13 38.80 38.76 49904 0.00 0.00 0.00     0 35.13 38.80 38.76 49904     0 1.000
  1 34 20 33.95 38.07 38.00 40440 0.00 0.00 0.00     0 33.95 38.07 38.00 40440     0 0.927
  1 36 20 32.69 36.89 36.90 31376 0.00 0.00 0.00     0 32.69 36.89 36.90 31376     0 0.962
  1 38 20 31.42 36.13 36.00 24640 0.00 0.00 0.00     0 31.42 36.13 36.00 24640     0 0.890
  1 40 20 30.28 35.76 35.44 20032 0.00 0.00 0.00     0 30.28 35.76 35.44 20032     0 0.860
  1 40 20 37.12 42.61 42.48 18432 0.00 0.00 0.00     0 37.12 42.61 42.48 18432     0 0.838
  1 40 20 30.28 35.76 35.44 20032 0.00 0.00 0.00     0 30.28 35.76 35.44 20032     0 0.859
  1 38 20 31.42 36.13 36.00 24640 0.00 0.00 0.00     0 31.42 36.13 36.00 24640     0 0.917
  1 36 20 32.69 36.89 36.90 31376 0.00 0.00 0.00     0 32.69 36.89 36.90 31376     0 0.925
  1 34 20 33.95 38.07 38.00 40440 0.00 0.00 0.00     0 33.95 38.07 38.00 40440     0 0.982
  1 32 20 35.13 38.80 38.76 49904 0.00 0.00 0.00     0 35.13 38.80 38.76 49904     0 1.001
  1 30 20 36.47 39.92 39.81 62424 0.00 0.00 0.00     0 36.47 39.92 39.81 62424     0 1.063
  1 28 20 37.75 40.71 40.37 76456 0.00 0.00 0.00     0 37.75 40.71 40.37 76456     0 1.177
  1 26 20 39.08 41.85 41.65 92760 0.00 0.00 0.00     0 39.08 41.85 41.65 92760     0 1.355
  1 24 20 40.54 42.96 43.18 113000 0.00 0.00 0.00     0 40.54 42.96 43.18 113000     0 1.306
  1 22 20 42.08 44.34 44.37 138064 0.00 0.00 0.00     0 42.08 44.34 44.37 138064     0 1.341
  1 20 20 43.45 45.54 45.60 164000 0.00 0.00 0.00     0 43.45 45.54 45.60 164000     0 1.536
  1 20 20 44.64 47.00 45.83 266056 0.00 0.00 0.00     0 44.64 47.00 45.83 266056     0 1.950
  1 22 20 42.77 45.23 43.83 243016 0.00 0.00 0.00     0 42.77 45.23 43.83 243016     0 1.849
  1 24 20 40.86 43.34 42.12 216344 0.00 0.00 0.00     0 40.86 43.34 42.12 216344     0 1.840
  1 26 20 39.03 41.08 40.05 196032 0.00 0.00 0.00     0 39.03 41.08 40.05 196032     0 1.775
  1 26 20 44.47 47.18 47.47 302056 0.00 0.00 0.00     0 44.47 47.18 47.47 302056     0 9.251
  1 28 20 43.14 46.34 46.58 259096 0.00 0.00 0.00     0 43.14 46.34 46.58 259096     0 9.029
  1 30 20 41.68 45.37 45.84 221536 0.00 0.00 0.00     0 41.68 45.37 45.84 221536     0 8.797
  1 32 20 40.24 44.36 44.52 188080 0.00 0.00 0.00     0 40.24 44.36 44.52 188080     0 8.733
  1 32 20 40.24 44.36 44.52 188080 0.00 0.00 0.00     0 40.24 44.36 44.52 188080     0 8.684
  1 34 20 38.96 43.11 42.89 161200 0.00 0.00 0.00     0 38.96 43.11 42.89 161200     0 8.517
  1 36 20 37.53 42.14 41.85 135432 0.00 0.00 0.00     0 37.53 42.14 41.85 135432     0 8.344
  1 38 20 36.06 41.08 41.24 114688 0.00 0.00 0.00     0 36.06 41.08 41.24 114688     0 8.216
  1 40 20 34.76 40.42 40.21 97280 0.00 0.00 0.00     0 34.76 40.42 40.21 97280     0 8.200
  1 24 20 45.85 49.18 49.99 355624 0.00 0.00 0.00     0 45.85 49.18 49.99 355624     0 9.707
  1 22 20 47.20 50.39 51.14 416536 0.00 0.00 0.00     0 47.20 50.39 51.14 416536     0 9.754
  1 20 20 48.52 51.45 51.99 481504 0.00 0.00 0.00     0 48.52 51.45 51.99 481504     0 9.964
 10 28 28 37.39 40.98 40.92 25144 0.00 0.00 0.00     0 37.06 41.20 41.03  7937     0 2.102
 10 28 28 37.97 36.46 36.29 57432 0.00 0.00 0.00     0 36.42 36.01 35.81 44248     0 2.252
 10 28 28 37.39 40.98 40.92 25144 0.00 0.00 0.00     0 37.06 41.20 41.03  7937     0 2.100
  1 32 32 35.13 38.80 38.76 49904 0.00 0.00 0.00     0 35.13 38.80 38.76 49904     0 1.046
  8 32 32 35.13 38.80 38.76 49904 0.00 0.00 0.00     0 34.87 38.70 38.57 16724     0 7.963
 10 32 32 35.13 38.80 38.76 49904 0.00 0.00 0.00     0 35.12 38.88 38.86 48778     0 0.900
 10 32 32 35.13 38.80 38.76 49904 0.00 0.00 0.00     0 35.12 38.88 38.86 48778     0 0.909
 10 32 32 35.13 38.80 38.76 49904 0.00 0.00 0.00     0 35.12 38.88 38.86 48778     0 0.905
 10 32 32 34.96 40.18 41.02 43896 0.00 0.00 0.00     0 34.57 39.69 40.55 49305     0 0.970
 10 32 32 35.12 39.65 40.92 65136 0.00 0.00 0.00     0 35.03 39.81 40.73 66132     0 0.979
 10 28 28 37.68 40.57 41.42 117360 0.00 0.00 0.00     0 37.75 40.72 41.69 113690     0 1.724
 10 28 28 37.68 40.57 41.42 117360 0.00 0.00 0.00     0 37.75 40.72 41.69 113690     0 2.130
 10 28 28 37.68 40.57 41.42 117360 0.00 0.00 0.00     0 37.75 40.72 41.69 113690     0 2.121
 10 28 28 37.69 40.57 41.42 117384 0.00 0.00 0.00     0 37.75 40.72 41.69 113692     0 2.110
 10 28 28 37.67 40.57 41.42 117400 0.00 0.00 0.00     0 37.75 40.72 41.69 113694     0 8.906
 10 28 28 37.67 40.57 41.42 117400 0.00 0.00 0.00     0 37.75 40.72 41.69 113694     0 2.130
 10 28 28 37.67 40.57 41.42 117400 0.00 0.00 0.00     0 37.75 40.72 41.69 113694     0 2.097
 10 28 28 37.67 40.57 41.42 117400 0.00 0.00 0.00     0 37.75 40.72 41.69 113694     0 2.107
 10 28 28 37.67 40.57 41.42 117400 0.00 0.00 0.00     0 37.75 40.72 41.69 113694     0 2.118
 10 28 28 37.67 40.57 41.42 117400 0.00 0.00 0.00     0 37.75 40.72 41.69 113694     0 2.109
 10 28 28 37.68 40.57 41.42 117360 0.00 0.00 0.00     0 37.75 40.72 41.69 113690     0 2.108
 10 28 28 37.68 40.57 41.42 117512 0.00 0.00 0.00     0 37.75 40.72 41.69 113705     0 2.123
 10 28 28 37.68 40.57 41.42 117512 0.00 0.00 0.00     0 37.75 40.72 41.69 113705     0 2.060
 10 28 28 37.68 40.57 41.42 117512 0.00 0.00 0.00     0 37.75 40.72 41.69 113705     0 2.060
 10 28 28 37.68 40.57 41.42 117512 0.00 0.00 0.00     0 37.75 40.72 41.69 113705     0 2.092
 10 28 28 37.68 40.57 41.42 117512 0.00 0.00 0.00     0 37.75 40.72 41.69 113705     0 2.046
 10 28 28 37.68 40.57 41.42 117512 0.00 0.00 0.00     0 37.75 40.72 41.69 113705     0 7.005
 10 28 28 37.68 40.57 41.42 117368 0.00 0.00 0.00     0 37.75 40.72 41.69 113691     0 2.039
 10 28 28 37.67 40.57 41.42 117256 0.00 0.00 0.00     0 37.75 40.72 41.69 113680     0 2.059
 10 28 28 37.68 40.57 41.42 117360 0.00 0.00 0.00     0 37.75 40.72 41.69 113690     0 2.052
 10 28 28 37.68 40.57 41.42 117368 0.00 0.00 0.00     0 37.75 40.72 41.69 113691     0 2.055
 10 28 28 37.68 40.57 41.42 117360 0.00 0.00 0.00     0 37.75 40.72 41.69 113690     0 2.050
 10 28 28 37.68 40.57 41.42 117360 0.00 0.00 0.00     0 37.75 40.72 41.69 113690     0 2.062
 10 28 28 37.68 40.57 41.42 117368 0.00 0.00 0.00     0 37.75 40.72 41.69 113691     0 2.042
 10 28 28 37.68 40.57 41.42 117368 0.00 0.00 0.00     0 37.75 40.72 41.69 113691     0 2.045
 10 28 28 37.68 40.57 41.42 117440 0.00 0.00 0.00     0 37.75 40.72 41.69 113698     0 4.482
 10 28 28 37.68 40.57 41.42 117360 0.00 0.00 0.00     0 37.75 40.72 41.69 113690     0 2.054
 10 28 28 37.68 40.57 41.42 117424 0.00 0.00 0.00     0 37.75 40.72 41.69 113696     0 2.090
 10 28 28 37.68 40.57 41.42 117424 0.00 0.00 0.00     0 37.75 40.72 41.69 113696     0 2.082
 10 28 28 37.67 40.57 41.42 117432 0.00 0.00 0.00     0 37.75 40.72 41.69 113697     0 2.098
 10 28 28 37.67 40.57 41.42 117432 0.00 0.00 0.00     0 37.75 40.72 41.69 113697     0 2.076
 10 28 28 37.68 40.57 41.42 117360 0.00 0.00 0.00     0 37.75 40.72 41.69 113690     0 2.150
 10 28 28 37.68 40.57 41.42 117360 0.00 0.00 0.00     0 37.75 40.72 41.69 113690     0 2.231
 10 28 28 37.68 40.57 41.42 117360 0.00 0.00 0.00     0 37.75 40.72 41.69 113690     0 12.116
 10 28 28 37.68 40.57 41.42 117360 0.00 0.00 0.00     0 37.75 40.72 41.69 113690     0 6.566
 10 28 28 37.68 40.57 41.42 117360 0.00 0.00 0.00     0 37.75 40.72 41.69 113690     0 2.373
 10 28 28 37.68 40.57 41.42 117360 0.00 0.00 0.00     0 37.75 40.72 41.69 113690     0 2.084
 10 28 28 37.68 40.57 41.42 117360 0.00 0.00 0.00     0 37.75 40.72 41.69 113690     0 60.966
 10 28 28 37.68 40.57 41.42 117360 0.00 0.00 0.00     0 37.75 40.72 41.69 113690     0 9.413
 10 28 28 37.68 40.57 41.42 117360 0.00 0.00 0.00     0 37.75 40.72 41.69 113690     0 2.280
 10 28 28 37.68 40.57 41.42 117360 0.00 0.00 0.00     0 37.75 40.72 41.69 113690     0 2.123
 10 28 28 37.68 40.57 41.42 117360 0.00 0.00 0.00     0 37.75 40.72 41.69 113690     0 2.975
 10 28 28 37.68 40.57 41.42 117360 0.00 0.00 0.00     0 37.75 40.72 41.69 113690     0 2.083
 10 28 28 37.68 40.57 41.42 117360 0.00 0.00 0.00     0 37.75 40.72 41.69 113690     0 2.087
 10 28 28 37.68 40.57 41.42 117320 0.00 0.00 0.00     0 37.75 40.72 41.69 113686     0 2.077
 10 28 28 37.68 40.57 41.42 117320 0.00 0.00 0.00     0 37.75 40.72 41.69 113686     0 2.107
 10 28 28 37.68 40.57 41.42 117320 0.00 0.00 0.00     0 37.75 40.72 41.69 113686     0 2.049
 10 28 28 37.69 40.57 41.42 117440 0.00 0.00 0.00     0 37.75 40.72 41.69 113698     0 2.021
 10 28 28 37.69 40.57 41.42 117440 0.00 0.00 0.00     0 37.75 40.72 41.69 113698     0 2.020
 10 28 28 37.69 40.57 41.42 117440 0.00 0.00 0.00     0 37.75 40.72 41.69 113698     0 2.035
 10 28 28 37.68 40.57 41.42 117344 0.00 0.00 0.00     0 37.75 40.72 41.69 113688     0 2.023
 10 28 28 37.68 40.57 41.42 117360 0.00 0.00 0.00     0 37.75 40.72 41.69 113690     0 2.112
 10 28 28 37.53 40.49 41.33 140208 0.00 0.00 0.00     0 37.59 40.70 41.69 139077     0 0.773
 10 28 28 37.53 40.57 41.42 125264 0.00 0.00 0.00     0 37.60 40.72 41.69 121718     0 0.752
 10 28 28 37.53 40.57 41.42 138760 0.00 0.00 0.00     0 37.61 40.71 41.70 137714     0 0.766
 10 28 28 37.53 40.57 41.42 140328 0.00 0.00 0.00     0 37.59 40.71 41.70 139148     0 0.772
 10 28 28 37.52 40.57 41.42 140344 0.00 0.00 0.00     0 37.59 40.71 41.69 139097     0 0.784
 10 28 28 37.68 40.57 41.42 117360 0.00 0.00 0.00     0 37.75 40.72 41.69 113690     0 2.115
 10 28 28 37.68 40.57 41.42 122416 0.00 0.00 0.00     0 37.75 40.72 41.69 114196     0 2.065
 10 28 28 37.58 40.57 41.42 131952 0.00 0.00 0.00     0 37.73 40.72 41.69 117761     0 1.927
 10 28 28 37.58 40.57 41.42 131952 0.00 0.00 0.00     0 37.73 40.72 41.69 117761     0 1.914
 10 28 28 37.68 40.57 41.42 117360 0.00 0.00 0.00     0 37.75 40.72 41.69 113690     0 2.100
 10 28 28 37.68 40.57 41.42 117360 0.00 0.00 0.00     0 37.75 40.72 41.69 113690     0 2.091
 10 28 28 37.68 40.57 41.42 129992 0.00 0.00 0.00     0 37.75 40.72 41.69 127368     0 2.628
 10 28 28 37.68 40.57 41.42 129992 0.00 0.00 0.00     0 37.75 40.72 41.69 127368     0 2.076
 10 28 28 37.68 40.57 41.42 117360 0.00 0.00 0.00     0 37.75 40.72 41.69 113690     0 2.093
 10 28 28 37.68 40.57 41.42 117360 0.00 0.00 0.00     0 37.75 40.72 41.69 113690     0 3.009
 10 28 28 37.68 40.57 41.42 117360 0.00 0.00 0.00     0 37.75 40.72 41.69 113690     0 2.106
