 60  0 30 45.33 0.00 0.00     0 0.00 0.00 0.00     0 45.12 0.00 0.00     0 0.049
 60  0 30 43.39 0.00 0.00     0 0.00 0.00 0.00     0 54.67 0.00 0.00     0 0.052
 60  0 30 43.39 0.00 0.00     0 0.00 0.00 0.00     0 54.67 0.00 0.00     0 0.054
 20  0 28 0.00 0.00 0.00     0 0.00 0.00 0.00     0 0.00 0.00 0.00     0 0.053
 20  0 28 0.00 0.00 0.00     0 0.00 0.00 0.00     0 0.00 0.00 0.00     0 0.052
 20  0 28 0.00 0.00 0.00     0 0.00 0.00 0.00     0 0.00 0.00 0.00     0 0.055
 20  0 28 0.00 0.00 0.00     0 0.00 0.00 0.00     0 0.00 0.00 0.00     0 0.049
 20  0 28 0.00 0.00 0.00     0 0.00 0.00 0.00     0 0.00 0.00 0.00     0 0.060
  0  0  0 0.00 0.00 0.00     0 0.00 0.00 0.00     0 0.00 0.00 0.00     0 -1.#IO
  0  0  0 0.00 0.00 0.00     0 0.00 0.00 0.00     0 0.00 0.00 0.00     0 -1.#IO
 20  0 28 0.00 0.00 0.00     0 0.00 0.00 0.00     0 0.00 0.00 0.00     0 4.382
 20  0 28 0.00 0.00 0.00     0 0.00 0.00 0.00     0 0.00 0.00 0.00     0 0.091
 15  0 28 20.50 46.78 49.47     0 0.00 0.00 0.00     0 11.11 24.19 26.91     0 0.071
 10  0 28 0.00 0.00 0.00     0 0.00 0.00 0.00     0 0.00 0.00 0.00     0 0.115
 10  0 28 52.12 0.00 0.00     0 0.00 0.00 0.00     0 5.21 0.00 0.00     0 0.124
 10  0 28 52.12 0.00 0.00     0 0.00 0.00 0.00     0 5.21 0.00 0.00     0 0.126
 10  0 28 52.12 0.00 0.00     0 0.00 0.00 0.00     0 5.21 0.00 0.00     0 0.134
 10  0 28 52.12 0.00 0.00     0 0.00 0.00 0.00     0 5.21 0.00 0.00     0 0.134
 10  0 28 52.12 0.00 0.00     0 0.00 0.00 0.00     0 5.21 0.00 0.00     0 0.132
 10  0 28 52.12 0.00 0.00     0 0.00 0.00 0.00     0 5.21 0.00 0.00     0 0.133
 10  0 28 52.12 0.00 0.00     0 0.00 0.00 0.00     0 5.21 0.00 0.00     0 0.139
 10  0 28 52.12 0.00 0.00     0 0.00 0.00 0.00     0 5.21 0.00 0.00     0 0.136
 10  0 28 52.12 0.00 0.00     0 0.00 0.00 0.00     0 5.21 0.00 0.00     0 0.153
 10  0 28 52.12 0.00 0.00     0 0.00 0.00 0.00     0 5.21 0.00 0.00     0 0.132
 10  0 28 0.00 0.00 0.00     0 0.00 0.00 0.00     0 0.00 0.00 0.00     0 0.125
 10  0 28 0.00 0.00 0.00     0 0.00 0.00 0.00     0 0.00 0.00 0.00     0 0.126
 10  0 28 0.00 0.00 0.00     0 0.00 0.00 0.00     0 0.00 0.00 0.00     0 0.124
 10  0 28 0.00 0.00 0.00     0 0.00 0.00 0.00     0 0.00 0.00 0.00     0 0.913
 10  0 28 0.00 0.00 0.00     0 0.00 0.00 0.00     0 0.00 0.00 0.00     0 0.125
 10  0 28 0.00 0.00 0.00     0 0.00 0.00 0.00     0 0.00 0.00 0.00     0 8.123
 10  0 28 0.00 0.00 0.00     0 0.00 0.00 0.00     0 0.00 0.00 0.00     0 2.818
 10  0 28 0.00 0.00 0.00     0 0.00 0.00 0.00     0 0.00 0.00 0.00     0 1.637
 10  0 28 0.00 0.00 0.00     0 0.00 0.00 0.00     0 0.00 0.00 0.00     0 0.967
 10  0 28 0.00 0.00 0.00     0 0.00 0.00 0.00     0 0.00 0.00 0.00     0 0.124
 10  0 28 0.00 0.00 0.00     0 0.00 0.00 0.00     0 0.00 0.00 0.00     0 0.126
 10  0 28 0.00 0.00 0.00     0 0.00 0.00 0.00     0 0.00 0.00 0.00     0 8.069
 10  0 28 0.00 0.00 0.00     0 0.00 0.00 0.00     0 0.00 0.00 0.00     0 0.125
 10  0 28 52.07 0.00 0.00     0 0.00 0.00 0.00     0 5.21 0.00 0.00     0 0.127
 10  0 28 52.07 0.00 0.00     0 0.00 0.00 0.00     0 5.21 0.00 0.00     0 0.127
 10  0 28 48.83 0.00 0.00     0 0.00 0.00 0.00     0 4.88 0.00 0.00     0 0.131
 10  0 28 48.83 0.00 0.00     0 0.00 0.00 0.00     0 4.88 0.00 0.00     0 0.131
 10  0 28 48.83 0.00 0.00     0 0.00 0.00 0.00     0 4.88 0.00 0.00     0 0.150
 10  0 28 0.00 0.00 0.00     0 0.00 0.00 0.00     0 0.00 0.00 0.00     0 0.135
 10  0 28 0.00 0.00 0.00     0 0.00 0.00 0.00     0 0.00 0.00 0.00     0 0.126
 10  0 28 0.00 0.00 0.00     0 0.00 0.00 0.00     0 0.00 0.00 0.00     0 0.125
 10  0 28 0.00 0.00 0.00     0 0.00 0.00 0.00     0 0.00 0.00 0.00     0 0.179
 10  0 28 0.00 0.00 0.00     0 0.00 0.00 0.00     0 0.00 0.00 0.00     0 0.156
